3,4700
1,4600
8,5400
3,3800
10,6800
6,7600
9,4700
6,5200
1,3700
1,3300
5,3800
5,4200
2,4500
9,4800
10,5100
6,4300
5,6300
5,4400
8,4600
5,9600
6,5900
2,4000
3,4400
8,5500
6,4700
8,4300
1,2900
7,4500
5,6900
8,4800
5,26500
1,4300
7,5500
3,4400
6,5100
10,5800
6,4100
9,5500
5,8200
9,7400
1,3000
6,9000
7,5600
8,7400
2,5400
10,10600
2,5400
4,5100
7,6100
1,3700
7,11900
10,7800
6,7500
7,6800
3,5100
1,4800
6,5600
2,4500
2,4100
8,5900
8,9500
2,5100
6,5100
6,4900
8,5300
4,5100
2,4800
1,3000
5,4000
7,5100
7,5100
4,4200
6,5400
7,11200
6,4500
2,4100
1,3900
4,4000
6,5300
4,5000
2,3100
5,3800
4,3800
7,4700
7,6500
10,12000
2,7500
7,4300
3,4300
6,4200
3,4500
2,3600
2,3300
3,3700
8,3900
8,5500
5,6100
9,9800
10,5000
2,3800
9,5500
4,3900
3,3500
1,3300
7,4500
2,3800
9,5000
9,5100
4,9100
6,10700
2,5200
7,5400
4,3600
4,4100
5,4100
10,4600
10,5200
1,3000
4,3400
8,4000
5,4100
5,17900
1,7400
2,6800
8,5500
4,4400
6,4900
8,4200
3,5200
6,5200
7,4400
10,4900
7,5700
2,5700
10,7300
1,3700
2,3200
4,5200
9,5600
7,4600
1,3600
2,4100
10,21000
2,3800
9,7400
10,7400
10,30300
7,5900
10,5800
9,4700
8,6300
6,5600
10,6500
9,5800
2,3100
7,4900
10,5600
9,8100
8,11100
8,6400
7,5900
2,5000
5,4900
3,4400
9,5700
7,5000
1,3000
7,4300
8,6300
10,7000
2,9300
2,6200
6,6000
9,5300
10,6200
10,6000
7,5300
2,3100
10,5600
2,3700
2,4400
3,9400
6,5800
8,6800
1,4300
10,6200
3,4400
10,5600
6,5200
1,3100
6,4900
1,3100
2,25100
9,11000
9,10400
4,4800
10,6000
10,4400
10,6400
10,4400
2,3600
2,9100
8,26400
8,6100
1,3600
3,3900
9,5700
1,2800
9,4700
10,6800
6,10000
7,5800
1,3200
3,4300
3,4200
8,4700
6,4600
5,4100
3,5400
1,3500
6,21500
5,28600
8,6200
3,4300
2,4000
2,3300
9,4900
9,5600
3,4200
8,5500
1,6800
7,8500
4,4200
3,4800
2,3300
9,4100
9,5700
2,3200
6,4500
7,7500
8,7500
7,11600
4,5300
6,5300
10,6300
6,5200
6,4900
8,18500
9,24600
4,4700
3,3400
8,7900
9,5400
4,4700
3,3700
3,5300
8,4900
9,6300
3,9300
2,7900
4,4700
2,5300
9,5600
3,3600
10,5900
1,2900
10,5100
4,3500
3,5500
8,7900
3,11700
2,9900
9,6200
3,3600
9,6600
4,4700
3,3400
2,3800
8,4400
8,7500
4,5200
6,10500
9,6300
7,4600
1,2900
9,6300
4,4600
10,5600
4,4700
2,4300
1,3000
6,6000
1,5300
4,10000
2,5500
1,3500
6,4100
4,3600
3,4600
6,5100
8,4700
10,5700
7,4300
8,6000
2,6200
8,11000
9,7100
3,4400
3,3900
3,4400
7,5300
2,3400
7,4800
7,5200
1,4400
10,6100
6,9100
4,11100
8,5800
9,5000
3,4100
5,4200
6,4200
10,6900
6,5900
4,4500
9,7400
9,11400
9,4800
9,5900
1,3300
1,3900
2,4200
3,3700
1,2600
9,5500
8,11200
5,9200
9,6700
3,4000
8,5700
3,4300
7,4200
3,4500
8,4800
6,3800
2,5700
7,6600
6,7300
2,7100
4,4900
4,3900
4,5000
5,4700
8,6600
1,3200
5,4100
6,5800
1,3600
5,11400
8,8900
10,5700
7,5200
2,3600
1,3200
2,4600
8,4700
1,3500
8,12700
1,3900
10,6700
7,48100
9,8100
4,4400
9,5400
5,4000
6,5200
6,5000
2,5700
9,5600
1,3000
8,7100
3,3900
2,5700
4,9500
9,7300
4,4000
10,6600
8,4300
4,5100
3,3800
8,5700
6,5300
6,6400
7,5200
8,11900
5,5400
3,4400
2,3700
4,5300
1,3700
8,5900
5,3700
9,5700
5,7300
7,4400
8,8500
5,10600
8,7700
10,5400
10,6000
10,5300
8,7800
10,5300
7,4400
1,3600
7,5200
9,6100
8,8600
9,8800
7,9000
3,4700
1,3200
4,4100
4,4400
4,4600
7,4500
4,4800
4,4500
6,6800
7,5100
2,7900
2,3500
2,4200
8,4000
10,6700
6,4500
10,5300
4,5900
4,5200
1,4800
8,19700
3,5200
6,4900
8,5900
6,4700
8,4700
3,3900
9,5000
6,5900
2,3300
4,4100
6,6400
3,5400
10,9600
7,4900
3,4000
8,5000
8,4800
10,5800
10,5000
6,3800
5,4400
7,3800
8,7600
6,10500
5,5200
9,5000
3,4500
4,4800
6,5300
7,4500
3,4700
8,5600
7,4300
5,6200
1,28400
2,4700
7,4000
7,4500
9,5200
7,7100
10,5300
1,3800
2,7600
8,9700
8,10900
10,5200
3,4700
2,3600
4,5000
2,3200
3,4000
5,5800
4,10500
2,3900
5,4700
6,5200
9,4900
4,4500
7,7800
7,5400
3,4200
2,4100
8,7400
9,22200
10,10900
3,5000
1,3600
3,3800
4,4700
9,7200
6,6100
1,2800
8,6700
2,14400
1,8600
2,3700
4,3400
10,4900
6,5100
8,7000
8,5300
3,4100
3,4000
2,5400
2,10100
7,7600
4,4100
10,6900
2,3700
5,4800
2,4100
8,6600
3,10300
10,6000
8,5500
4,4200
6,5500
6,5000
5,7200
5,5000
7,5000
1,4900
4,9100
3,4500
3,3700
4,4100
3,4200
2,4600
1,4200
4,4800
4,6200
3,4800
2,9700
8,7300
9,6300
2,3900
7,5400
3,5900
3,6000
2,3500
9,5100
10,6600
7,4400
8,6600
1,27500
3,4600
3,4300
7,4400
9,6100
7,4600
4,4300
9,5800
10,6500
2,5400
3,28000
3,10400
4,4300
3,5100
2,3900
9,4000
4,4700
5,4300
2,3600
3,4300
9,11500
7,9500
10,5800
1,4000
5,4900
9,6100
10,6200
5,4000
3,3500
3,6100
4,4000
3,5300
9,11600
2,5300
4,4000
4,5000
1,3100
7,5700
3,4100
7,4100
5,3600
8,4800
10,4200
9,7000
2,11100
5,10300
6,4600
1,3000
6,4600
2,4700
2,4200
1,3800
3,8700
4,10400
5,5200
9,6300
6,5200
9,5900
5,4400
7,8300
1,3300
1,3000
1,4500
2,9900
3,6800
10,4800
6,5800
8,6000
10,6100
6,4800
3,3700
7,6700
2,5400
1,6000
4,8800
10,15600
7,4800
6,5200
4,4200
4,3800
4,3800
2,3200
5,4100
8,4800
2,4300
10,7800
10,6800
1,4100
9,6000
4,4000
3,5900
10,9000
8,29800
10,11300
4,6800
9,7500
1,5000
1,5200
6,6400
10,7900
4,5900
7,344100
7,11300
3,5900
8,6800
8,6100
5,5600
9,6600
3,5800
5,7000
2,9300
6,10500
1,5900
2,5900
5,7100
5,5800
8,5300
8,5900
4,5700
2,11900
9,5200
6,4600
4,4500
3,4100
8,4600
7,4500
8,4700
6,4300
2,3700
9,5000
3,3400
8,5100
9,11300
7,9700
10,5500
10,5600
8,5500
7,4500
7,4600
7,4400
8,5000
7,4100
10,4900
10,5200
8,4900
7,9300
9,12800
5,4600
2,3400
9,5100
5,4100
4,3900
6,5400
9,5000
8,7100
7,6600
10,10700
7,9600
10,6300
2,6800
7,6900
1,5200
3,5000
10,9300
5,10800
7,11200
8,9200
9,9100
7,7800
6,6900
9,5000
3,3600
2,4300
4,8500
10,10600
5,4700
10,5300
3,3900
4,3800
5,4000
3,3700
1,3200
9,4700
6,4400
2,3200
8,6600
7,26400
8,12200
7,4700
7,5100
7,4500
5,5100
6,4300
10,4900
2,3300
1,4900
6,4300
9,5700
2,7500
2,8500
3,4500
1,3700
5,4100
10,5600
10,5200
4,3800
2,3200
10,5100
2,3100
1,3200
9,5100
6,7300
6,11500
6,11100
5,4100
8,7000
1,3200
1,3400
10,4400
10,4800
9,4000
5,4200
4,6300
3,7600
7,11200
6,9800
9,7600
4,8200
5,7800
2,4300
5,5900
2,9700
6,6700
9,8800
9,7500
3,5900
7,4700
2,4300
6,4300
7,4800
4,4900
1,7900
9,10800
7,5100
7,4200
7,4700
3,3800
4,4100
5,4300
10,5200
3,3700
7,5400
2,3300
5,4800
3,9400
1,7400
9,6300
8,6000
9,7100
7,4800
5,4100
1,3900
2,3300
8,5000
9,4800
5,4100
8,6900
2,9300
8,10100
4,4500
7,6900
7,6300
7,5100
5,4100
6,4700
8,4500
8,4500
6,3900
8,6800
10,8200
6,9500
2,3500
3,5300
2,4300
9,6100
8,6300
3,7000
7,8300
10,12100
1,5800
8,6800
1,5400
7,7900
5,5900
2,5100
6,33600
4,10100
5,6000
3,6100
8,6100
1,4400
6,5400
7,5800
2,4600
2,9700
10,11600
2,4400
6,5900
5,5000
4,4900
8,6500
10,5500
10,5000
4,4000
3,9600
10,26000
9,6000
3,3600
2,3400
9,4800
1,3000
10,5500
6,4200
8,4500
1,3200
1,3000
4,3800
3,3500
9,11000
9,10600
3,4800
6,4600
2,3200
3,3800
1,2900
6,4200
6,6500
5,5100
8,6400
5,5600
7,10500
10,11100
9,5300
7,5000
8,4800
6,4100
1,2900
1,3100
9,5700
1,3200
3,4000
10,5200
3,4900
10,10600
6,8800
8,5000
3,4800
2,4900
9,6300
5,5600
9,6300
1,4200
8,6400
8,270000
9,6900
10,7100
9,6500
5,6200
5,4600
1,4700
9,8700
3,4800
10,10800
3,11900
6,4400
10,5400
7,5000
7,4900
7,4400
6,4100
1,3400
2,3700
2,3400
6,4500
2,7600
3,3800
3,3700
2,3300
3,3500
2,5400
3,3600
4,4300
3,3500
7,4700
4,3800
10,10700
3,24200
7,5700
8,4800
3,4300
5,4200
4,4000
4,4100
3,3700
9,4900
9,5000
6,4600
9,7200
7,10800
7,14400
7,7300
5,6400
9,6100
4,6900
1,5800
2,3900
7,10700
10,21200
2,3400
7,4000
8,4600
3,3900
3,3300
7,4800
2,3600
10,5500
9,5000
3,3800
8,5700
5,7300
3,5200
5,5600
5,5400
7,6300
34,10400
49,13900
17,10600
47,13700
22,8400
44,12500
45,13100
40,16600
33,291000
17,10800
14,6900
34,11500
27,9400
34,10600
46,15300
44,13400
27,9900
47,13600
24,9500
39,10600
33,10000
22,10500
24,15100
49,14500
45,16500
24,10200
30,10500
20,8600
13,6000
12,6300
44,22100
10,8100
13,6700
41,12100
12,6200
16,6100
19,8300
37,19800
19,14400
39,8100
25,9100
24,8300
36,10800
18,6900
25,7800
25,6300
18,6900
16,23400
16,11800
19,8000
17,7800
31,7000
26,8400
27,8400
48,12700
45,19900
33,20700
48,56100
39,11600
30,10200
30,9100
21,9000
30,10400
16,8700
11,6200
40,12200
36,11300
26,9100
43,7800
41,17000
25,12200
28,10200
11,6100
37,12100
11,6100
21,8000
16,5700
22,13700
47,13300
24,8600
18,7800
47,13400
13,6100
19,5100
18,9100
10,12100
43,15700
12,7100
25,9200
10,6400
42,11900
28,13300
41,15800
45,17500
42,12500
48,23000
33,10700
24,7000
28,9300
21,8100
25,12300
22,8900
21,8000
24,8100
42,11100
49,11900
14,5500
22,16300
32,10500
39,12100
46,13000
43,27900
20,8700
21,7500
32,11000
43,12500
41,11100
28,20400
50,13400
27,9000
19,7500
18,20100
36,11300
10,12200
45,9100
50,13200
25,9000
50,15300
17,7500
22,10100
31,10100
21,5400
36,10800
46,13100
32,10400
29,9800
24,14400
47,12600
38,10800
23,11400
11,6300
27,9000
43,30600
17,13500
47,8700
44,14300
50,12900
12,7000
40,10800
27,9200
32,9900
21,12200
49,21600
14,7400
30,6800
12,7100
47,12500
44,20300
42,17500
36,23600
13,7200
44,13000
16,7200
36,11700
18,7200
24,8900
21,7600
46,13700
43,17700
27,9100
44,12100
18,7000
40,11900
29,8700
23,7300
36,10400
26,13200
25,9200
18,7300
36,10100
44,12300
40,7200
22,7400
30,6100
22,8500
22,8300
26,9500
19,8400
23,8600
23,8500
25,8600
15,6700
45,12000
39,10800
41,12900
48,9300
47,12400
28,9900
44,11700
36,9900
20,7200
10,4900
14,5700
42,7600
20,14300
24,12200
20,7400
17,6300
39,10700
27,8600
39,10200
28,6100
40,10800
24,8100
39,16000
10,6400
22,8600
45,11900
10,9400
21,8700
20,7900
12,4600
35,10000
28,15000
37,12200
10,6700
40,11300
48,13500
13,6500
46,8000
22,6000
36,10000
24,9700
24,9000
38,10800
25,8900
23,8500
32,10200
21,7100
41,7300
44,11300
36,6800
14,25100
24,9200
46,13200
46,12300
43,12600
46,13400
24,11100
38,10500
30,35700
46,14100
34,9800
47,12300
38,13800
19,7400
34,10500
18,7600
29,9800
47,19300
27,10900
12,6200
37,10900
46,13000
21,8900
12,6900
37,11000
25,15600
37,8300
18,7400
41,12100
13,6400
38,11600
10,5400
33,9500
39,10800
11,52800
48,13100
38,10800
31,10200
15,5900
15,6400
36,10300
15,6400
20,7200
42,15400
12,11300
35,16500
35,10500
47,21300
33,9500
11,6800
36,10300
15,6800
45,12000
32,17100
36,11400
43,12300
37,10200
18,8000
35,10200
21,5500
21,7200
24,9000
45,12800
32,21100
21,8800
20,7200
11,6200
13,6500
43,12000
14,6200
47,12600
42,7500
48,21300
47,14300
18,7000
39,11500
34,9800
15,7500
18,6600
36,6900
31,9500
40,6700
37,18600
42,12900
44,12200
32,10600
20,7900
17,6300
18,7300
15,7500
43,14600
44,14400
47,21000
49,12400
10,5800
45,13700
22,8400
40,7500
49,12500
33,6700
47,12600
45,16700
47,8400
48,13100
39,7600
48,12400
27,8500
24,7400
17,6700
14,5500
31,9800
15,9400
14,5700
19,6900
11,6500
17,7200
50,13200
44,12100
23,7400
38,11700
29,8500
41,24600
10,5200
10,6000
44,11400
33,10200
47,12100
43,11200
39,10600
31,8600
35,9400
44,35600
31,10300
19,6700
27,9900
48,13700
33,16100
43,12200
41,12300
18,14700
50,12600
38,10800
32,10200
46,13400
42,12800
26,9700
36,13900
34,10000
45,22400
19,8600
39,11600
27,6200
40,12100
25,9100
34,9600
47,11800
39,16100
29,9700
35,10500
37,14000
47,8000
34,7300
44,15600
43,12300
39,11900
38,21100
18,5900
48,12600
39,11800
26,8400
35,11200
23,7600
19,11700
32,10900
40,11300
13,5400
12,6300
49,14300
42,8100
22,8500
27,9000
48,11900
36,11200
40,28200
24,9500
25,8100
38,11300
45,13200
14,6300
49,14200
41,12000
48,12300
15,9800
18,6900
43,11300
16,7900
42,11100
49,13600
24,8700
46,7500
17,7100
31,15800
11,7200
16,7100
28,13100
21,8700
12,6100
14,5800
37,10800
14,5100
49,12500
18,10300
47,14200
34,9400
22,11700
36,11600
17,5600
20,6600
38,11300
47,11600
13,31100
21,12000
27,11500
45,12400
11,6300
27,9400
42,8700
41,10800
40,10400
11,4900
20,26700
17,7800
49,13900
15,6200
47,13300
37,10400
26,9100
35,10200
44,11700
26,8600
20,13300
48,13200
46,13000
38,16300
12,5800
27,9300
23,8300
19,7600
25,8300
31,15000
16,8000
27,8200
50,14200
38,8300
37,11300
13,8100
43,11700
42,12300
50,16400
38,58300
37,14600
31,13700
17,8800
50,35300
32,10800
38,11100
50,12900
36,11400
18,7400
31,10100
12,4600
29,8800
35,18900
20,7300
13,6400
33,7900
49,13000
30,10600
40,12300
21,8100
36,31900
21,33900
24,6700
10,5900
18,7800
20,8000
37,10900
21,6900
32,9400
39,6600
40,10900
13,12200
16,6800
26,5900
12,4900
15,7000
35,11300
26,9100
49,12600
27,9800
47,12500
12,14500
41,14800
29,8800
28,10300
32,10700
30,6500
30,8900
34,14700
26,8600
22,5700
10,8700
35,10600
11,7200
39,11000
33,13200
46,17300
26,11800
17,8800
35,16000
19,9800
47,17000
36,14700
50,17700
27,10100
48,12600
33,38300
32,11100
36,10600
28,8900
14,6700
39,11600
16,7000
25,38900
33,10500
32,25100
13,6400
36,9900
32,10200
13,6600
21,6300
16,6500
32,9000
31,9000
46,11800
21,13900
27,7900
18,7900
15,6100
38,11400
28,9400
40,11600
11,5800
45,12700
35,11300
13,5600
45,14500
40,12000
15,6400
34,10900
38,11900
42,16000
36,10500
26,9100
43,19500
48,13800
43,17500
11,6300
27,9200
44,11600
10,4800
14,6400
20,6600
35,22900
36,14700
14,8300
16,6800
21,10200
45,16600
31,12400
50,188000
14,7000
36,13300
23,9400
17,10200
17,6800
11,5000
42,12000
21,7600
29,8700
18,5200
42,11000
30,9000
30,9100
36,9900
25,7900
41,11200
18,6100
31,16800
33,7700
47,11800
12,5300
22,7600
22,7400
44,11800
26,8500
21,7500
15,6000
31,9000
19,19600
40,16500
32,7800
44,12100
46,12200
36,10100
23,8000
38,10400
43,7300
49,12700
18,6500
13,11600
40,11500
24,7000
34,10200
29,8800
28,8600
10,5600
24,8300
20,6900
25,16900
38,11400
41,11000
43,16600
36,15300
22,10300
43,16800
47,17000
40,15300
27,10400
46,13300
30,12500
43,11300
16,9000
23,8500
47,20600
28,16000
14,6900
13,5700
47,11500
35,11500
23,7700
11,5600
13,5800
19,6900
50,8100
39,39500
12,5700
20,6900
23,7900
27,8900
46,12300
42,11400
12,5400
44,11500
34,9300
13,6300
21,12900
46,13500
48,12600
27,8300
37,10500
35,9700
23,7500
45,7900
39,11200
47,12300
10,12200
27,7300
44,11700
48,12200
47,7700
24,5600
41,6900
17,6500
47,11900
11,5100
27,21600
16,7200
10,5600
38,10900
33,6900
36,10500
20,7600
38,7100
21,7000
20,6900
10,4800
27,39300
19,10700
11,8000
17,9000
47,20700
28,12100
25,8800
46,17200
16,9600
12,13600
21,8900
19,5300
46,11800
17,5500
13,5500
35,6900
32,9200
20,7100
42,13100
50,12600
31,16100
36,10900
14,5700
44,11400
47,12100
19,7100
12,5500
18,5400
11,9000
44,7700
40,10700
10,35700
37,10000
45,7600
27,8100
17,7400
31,9100
40,13700
48,12200
37,9700
50,47400
14,7700
43,7800
26,8200
47,12200
17,6900
37,6900
36,7700
20,5300
45,7300
32,36000
12,6600
21,7300
10,5200
49,13300
37,10300
29,8900
46,12000
31,9100
30,8800
14,5700
46,15600
15,8900
46,16500
11,7500
11,6300
44,8200
17,6500
33,9500
28,8400
49,11900
16,7100
34,10200
15,5200
17,5200
15,6600
13,4900
38,7100
15,6000
13,5200
25,7600
16,9600
25,6600
45,11600
12,4400
50,13100
35,10400
14,6700
38,10400
46,12000
42,11600
27,5700
49,18100
47,13000
17,6500
19,6800
15,5800
10,4600
15,5900
25,8400
39,10900
16,4900
41,249500
17,6200
41,7200
49,12300
10,5200
31,8800
34,9600
38,10400
36,11400
46,12100
27,8800
41,12600
14,12000
41,7900
13,5500
24,8100
16,4700
46,7700
31,6300
34,9700
11,4100
13,5300
28,90700
44,12400
22,7100
40,11000
22,7700
30,8700
39,7200
48,12300
49,8100
35,6300
48,7700
28,15900
14,13000
20,11000
45,19500
34,16100
30,15300
23,11300
35,16300
38,17900
17,11600
32,16600
45,20200
19,11400
27,9000
48,7800
38,10600
39,10300
44,13400
21,6600
24,5500
48,12200
37,10200
20,8000
32,6400
46,17100
38,13200
30,11900
14,10800
21,7900
33,9700
31,8700
16,6100
29,8800
25,8100
50,12800
43,11500
34,9400
49,12800
43,11200
40,11300
15,6300
34,9900
41,7900
13,6000
11,5400
31,9000
13,5300
15,24000
28,26700
21,7100
23,7600
35,9400
37,10200
17,6400
26,8000
30,11400
39,13500
30,9000
46,11700
47,15600
33,9800
41,11100
48,7600
27,8500
43,11100
46,12100
30,8800
19,7400
27,8200
33,9300
42,12400
46,12200
33,10300
20,5900
34,7300
23,8000
44,11700
16,6300
31,8500
29,8600
17,6200
10,11100
44,16900
25,7900
42,11300
29,7000
35,9800
13,6100
27,6000
21,7300
38,10100
13,5400
31,23000
36,14700
17,5700
10,5100
46,12000
24,7900
22,8400
18,6900
36,10100
22,9200
13,5300
39,14000
38,11200
16,5200
23,7800
24,7800
28,8500
17,6900
22,8000
34,9700
24,7600
40,11400
28,9200
34,18600
44,10700
11,5900
44,12800
14,8700
39,10900
48,12600
44,12500
50,13400
49,8200
40,10300
88,25200
55,23200
92,24900
57,15000
74,25700
65,16000
83,29900
73,16800
54,12700
81,70500
68,13800
57,16100
52,14100
98,19900
99,31900
58,43600
97,22100
93,31100
78,18800
98,21700
98,31300
98,20400
70,17900
90,23700
55,14100
98,23400
85,26300
61,18600
80,29900
70,24100
93,22000
66,15400
68,31700
77,25400
92,22000
86,21400
63,21900
90,27600
68,24900
99,27900
80,24900
61,18900
53,34100
94,25700
55,20200
51,21800
89,24500
55,15300
94,30200
63,15600
55,49500
61,17200
84,20500
62,17000
73,19400
83,18300
79,18300
79,19100
62,27000
95,28300
82,19400
66,16400
69,39100
84,22700
79,29400
79,45600
94,21600
74,18200
68,17200
78,118300
51,12500
77,16600
80,20800
96,33600
74,38000
54,14600
57,15400
55,19200
54,40800
74,94200
62,10000
54,12900
69,23500
74,18200
60,14900
98,58700
99,13600
57,21000
93,22500
69,23300
55,13800
82,27200
76,27600
69,20400
73,10900
69,24400
69,11000
80,31500
59,20200
74,13000
74,24400
83,10800
97,90200
60,21100
87,11500
88,20400
94,12400
62,16500
84,55600
57,21500
66,16800
60,20500
85,20100
94,29700
73,22700
60,9900
76,18600
68,16700
69,16700
96,27600
60,19600
55,14500
90,21400
71,17000
88,26200
59,17400
83,15000
57,15000
90,26100
88,20400
52,23300
99,23100
92,29200
79,19500
80,30200
92,22300
60,15800
99,22900
55,21900
51,19500
90,12800
98,22100
58,14400
56,14400
69,22100
59,39400
69,23400
81,18900
69,16500
79,18200
66,20900
80,45400
75,17800
95,21100
92,12400
75,17400
50,18900
70,11800
90,29700
88,20400
89,20200
66,26600
84,19800
97,21900
80,17600
92,12500
59,34200
94,22700
95,21200
86,20000
93,21100
56,19100
80,19500
74,17800
59,14200
80,19000
92,35600
68,16700
97,22200
95,21600
83,19100
53,16800
97,34300
60,16200
96,22300
86,18500
83,19700
66,229000
77,19400
83,19700
82,20800
63,19100
71,22200
59,16500
61,10300
54,15900
68,14100
57,14600
85,28800
90,22300
52,14100
66,16900
54,9000
59,18200
88,23400
56,15400
80,17600
80,16400
72,17300
75,17700
96,23000
56,15800
87,20400
55,14200
83,26400
67,19900
78,34600
64,17500
82,19400
56,15000
63,15800
84,29400
67,22600
72,18000
69,16300
85,16700
100,23300
62,16700
79,18900
55,14400
99,22000
98,16900
85,20500
71,17000
81,18400
63,16100
75,40000
100,23800
71,17400
77,18500
63,15100
78,64300
77,18800
72,17800
89,17300
73,23500
76,28700
89,48500
56,9900
82,20400
88,25800
70,16900
96,297600
75,24000
57,16300
76,18800
98,23500
61,24800
69,19900
90,21000
70,16500
85,19100
80,21100
89,33200
64,20500
71,22800
89,40200
100,23200
95,53500
51,21200
69,17100
94,25600
100,27900
99,50200
53,9400
51,14000
50,12700
86,20400
84,23600
97,13300
56,15000
73,17700
78,11600
77,15400
50,16400
100,22900
95,22300
78,18400
69,26900
86,31000
57,21800
86,12000
62,10000
74,29200
79,12000
64,15900
75,24100
63,15100
96,26000
57,15200
96,22300
52,13700
75,10300
91,20300
74,28400
94,37600
82,43600
78,29600
56,18800
94,30500
99,24700
53,13500
64,17700
78,11200
73,20600
67,16000
55,18700
85,85600
64,16000
89,21700
76,20900
57,14800
100,29700
94,58300
68,25800
57,15600
70,15600
89,27900
66,27300
76,18300
79,19300
55,15800
65,24000
86,60100
94,22500
52,14800
80,17300
68,23600
81,21000
86,28100
79,26200
94,31300
90,29200
64,23600
94,22200
83,20200
82,25500
86,26800
73,59900
60,16000
89,21100
77,10900
54,13400
82,38700
55,15400
97,22300
52,14600
75,17100
57,14700
61,24700
64,16400
87,20700
58,15000
88,19700
67,25500
91,30500
50,13600
76,19700
69,16200
72,10000
71,23800
95,32100
86,28600
56,21600
71,23200
81,50900
54,36500
76,18800
99,20200
75,24800
67,23700
85,15000
70,17500
60,15200
74,37300
69,17600
77,25300
82,19300
52,13600
75,20300
77,22300
80,19600
74,18700
58,17300
98,21600
66,42800
76,18200
57,11200
71,15200
64,15800
93,27900
64,19800
89,21400
80,19300
82,11300
66,9800
71,10600
55,23100
62,16600
63,20400
57,15700
51,12600
81,25500
55,12800
75,11500
73,17000
72,22000
60,15500
55,13300
98,50700
54,14800
73,17800
72,25200
70,9600
95,78900
73,11800
63,15600
80,17600
55,14700
73,38200
95,22700
99,22800
72,22700
67,12300
87,27200
61,74300
98,23600
52,14100
66,15800
92,14300
69,124700
79,12900
70,17000
85,18100
77,18500
77,18100
79,38800
86,20400
92,30800
90,21500
69,17300
78,25800
78,18600
85,17100
81,18600
83,26700
89,21800
65,18400
71,22500
57,15600
87,29800
60,48600
78,28200
96,27100
96,23500
88,20700
73,18500
66,15700
73,22000
73,16300
83,19700
93,29100
82,19800
81,22300
90,21000
58,14700
70,17400
50,16700
52,13000
70,22700
93,22400
97,22000
87,21800
63,15400
60,19700
99,76500
54,15000
86,20300
62,15300
71,17000
50,17200
60,54600
57,15100
82,19400
76,17200
52,13700
56,23600
54,14800
99,23000
87,24900
88,25500
94,27600
68,26700
88,20600
89,12700
91,27200
82,19600
76,15600
58,19200
95,28800
88,28800
67,17100
51,13300
97,36300
76,18600
82,12200
53,13900
95,21200
92,15700
83,11900
97,22800
75,18100
68,23800
92,15800
70,25200
70,19700
98,31500
95,22300
79,25800
67,18200
99,32300
95,21400
100,68500
93,23300
66,14100
53,14400
55,21300
83,19900
64,15900
83,20900
90,21100
67,21300
87,21000
70,17300
74,11100
53,14200
73,31100
57,18000
72,17900
56,16100
97,21700
71,22700
71,25300
99,22900
64,16200
86,19800
78,18500
54,27900
53,28400
100,18300
67,17200
66,15300
63,16200
58,33100
61,48100
73,22100
85,27500
88,21000
69,17100
52,18000
63,16800
80,11700
51,13700
81,18500
90,24800
94,22900
91,21300
74,54400
84,19500
82,26100
62,20500
54,15000
98,22800
89,21100
53,13400
72,40500
87,13600
79,27400
99,23000
93,20600
69,21600
63,16300
81,19400
74,17900
87,22900
57,30000
100,24900
70,17000
66,18000
59,17900
79,27900
74,64300
79,18700
61,15700
76,18800
92,22000
97,48100
52,16500
50,14200
79,17600
54,16400
63,38300
86,22600
52,14700
57,16900
80,18700
82,41100
84,22800
69,18300
85,25300
93,32800
69,17400
50,23600
71,14700
58,21600
58,10700
96,12200
92,45500
60,20600
73,16400
60,9400
91,20100
100,35800
57,14700
80,11600
68,16800
98,18400
55,14100
61,48100
87,29400
59,10500
73,10200
67,9700
76,18100
58,21200
91,13800
50,13000
87,20900
64,22200
73,18400
98,22300
98,33100
66,13100
78,17900
64,15400
93,21300
79,26500
79,14600
98,23100
71,11500
98,19500
63,21800
84,22100
66,276500
75,10800
66,16500
79,18100
81,11900
73,17100
80,22700
95,22700
63,14400
64,16400
92,21200
98,26200
78,47800
68,12600
74,17200
88,20800
52,14700
71,14300
79,22100
56,14500
76,12800
88,20200
62,9800
70,16000
80,29500
53,14900
81,19000
53,25400
74,10600
68,20700
68,23200
85,11800
52,13600
64,24100
73,23000
50,17400
81,29400
89,13300
77,24700
94,22400
98,37400
67,17500
94,22100
83,11600
59,14700
75,25800
93,22200
98,22500
97,21900
91,20600
100,27600
61,22800
64,16600
54,14600
61,46200
69,19400
80,20800
58,14900
50,13700
80,18100
53,49800
50,13900
79,19300
71,19200
59,9200
58,14700
53,31600
66,16100
94,22000
77,18700
66,22400
60,14600
76,123200
96,22700
54,14800
96,21800
70,17100
74,17300
94,30600
71,18800
76,18700
56,16700
67,17100
50,35900
74,19300
100,23500
95,19600
92,21200
85,25000
65,22300
81,19600
91,20900
91,20600
58,19400
96,24900
88,21200
53,14500
98,23000
51,14300
60,19300
78,20200
51,14100
66,15500
92,21200
65,20900
69,20200
68,11800
53,12700
56,18900
91,20300
78,36300
97,22800
98,24000
91,312800
94,26500
71,16600
56,15500
59,21100
59,15400
81,20000
67,15900
74,18000
75,43400
55,19800
73,24000
69,35100
58,20000
59,21400
66,45400
85,31500
52,18200
74,18000
88,20500
51,12400
82,20500
53,20400
95,26900
100,15800
79,25300
94,33500
86,11300
90,20400
60,19600
51,13800
88,38700
89,22300
65,16700
89,16200
59,11000
55,18200
88,12000
54,18600
91,11900
67,16600
64,22700
78,11600
87,19400
89,40100
79,11600
68,16700
52,13500
64,22200
99,45900
89,22900
63,22100
87,45200
55,223200
79,19400
62,17000
84,19700
91,21400
88,23500
59,15100
89,20800
97,22400
65,15700
63,56200
51,14300
66,16500
69,16700
70,16800
67,22900
52,15900
100,34400
60,17200
57,22200
51,13400
78,18400
58,14200
81,29100
50,14600
55,14100
57,14600
74,37100
88,32300
84,20600
69,11000
65,16500
78,18300
100,33100
86,12600
94,23100
93,21200
78,18400
69,277900
93,21700
92,20400
61,16100
96,29600
82,29300
87,26000
97,22100
70,17400
72,16700
58,129200
99,32200
71,21700
57,18300
81,25900
66,15600
97,23100
86,21200
51,12900
72,18400
62,29700
78,22300
73,17900
69,17700
89,26800
61,9100
52,17100
61,17800
51,14200
97,54300
68,23500
60,16000
70,20100
75,18500
78,19400
73,17800
80,19200
67,22100
54,22100
61,15600
79,18300
99,30500
52,20100
63,21000
88,23800
79,18000
62,15700
64,38100
65,43300
89,26400
52,14200
55,15800
50,19600
54,20200
99,22700
78,18800
89,19900
82,18800
93,45800
51,17100
88,20000
78,18600
84,22000
94,28400
96,27100
56,16000
64,16100
80,18900
73,16200
75,22700
59,16100
62,20600
96,26300
90,26200
61,24400
90,21100
83,19900
89,22700
58,14300
65,25700
71,17600
91,21400
99,21600
95,22200
73,20300
84,39500
65,16700
54,14800
69,16600
97,21300
90,42000
85,39700
53,15300
73,17800
84,25800
66,16500
51,23200
52,23500
58,15300
75,22800
61,15500
88,33600
69,27400
61,39800
100,17600
80,19300
79,18800
91,36200
95,22000
85,12400
97,24500
80,18900
85,82000
98,22600
85,12800
100,21100
60,71200
92,22000
88,21000
82,19300
56,20500
75,35600
68,17800
61,23900
76,18200
79,38100
64,18800
66,17000
95,22700
57,69900
74,13300
66,16400
67,17400
184,48300
150,39900
100,25400
190,72200
163,38400
156,57600
164,35800
139,47000
175,46100
137,54200
171,42700
142,40100
141,19900
110,47600
136,32800
161,66100
115,27600
116,33500
137,82200
187,24100
178,68200
144,35100
101,39100
118,35500
108,57300
144,37000
151,36800
174,39400
186,24300
131,32500
105,34800
153,36000
194,24700
128,31500
139,58600
183,42400
149,36800
128,43200
121,35800
171,39200
188,311500
171,33700
138,32800
153,57600
187,43200
164,37700
121,31900
144,34200
184,36100
141,33300
123,40100
115,27900
143,38700
103,36200
136,36100
196,45500
183,51800
150,39900
164,68400
175,48400
167,43900
175,40400
114,31300
165,469400
178,22300
197,71600
145,38600
104,25800
112,42400
113,35100
167,22400
169,55000
169,44500
113,26000
190,128100
178,46400
104,32000
158,58500
191,50100
118,37000
114,29000
128,30700
118,28500
196,79800
108,29900
157,44400
194,49500
190,65800
120,32400
110,30800
116,37900
168,40300
166,37800
176,146900
188,49200
118,29100
181,86100
174,41800
150,51400
156,41100
113,31300
129,33600
153,39600
111,26200
134,40000
165,35500
124,34300
156,38100
182,59000
145,41600
109,31600
116,46400
122,39100
119,32700
108,27000
174,75200
157,40600
172,24200
151,40200
192,49900
132,29700
123,34000
188,48300
147,28500
136,57000
184,48300
149,66300
102,19300
193,50400
171,37900
166,83500
179,42100
193,52300
152,37400
185,25600
100,28100
121,57000
184,36500
191,43200
188,142900
177,46000
136,70000
107,16000
167,33300
141,84200
144,34300
153,35900
140,49500
111,38900
134,35900
158,47100
197,47700
186,42300
124,34800
132,213600
184,23000
143,33700
113,44400
103,25700
160,37900
142,42500
192,89600
175,52700
183,47200
195,145900
193,59800
124,50300
143,34500
171,46000
167,38000
157,36000
190,42800
142,33300
165,37700
156,54700
179,47700
162,294300
125,30600
124,30000
120,41200
105,32800
138,17400
137,38400
192,24600
100,13900
147,67200
117,15500
124,53400
173,22900
112,27600
106,25200
187,127200
110,27400
130,17600
160,29100
169,57200
167,44100
185,23700
141,72700
140,33400
165,116500
134,32100
194,50900
117,28500
148,35400
126,31500
109,35400
165,21400
129,33200
159,37800
117,41800
197,38900
108,29000
138,56200
105,53900
105,14900
110,30200
142,44100
169,48200
114,39900
186,34400
115,26700
163,35900
159,39300
110,34000
151,48700
180,45500
123,59700
183,21700
167,44700
171,49300
200,25300
105,21700
194,81000
166,38900
190,44900
197,87500
104,29200
137,33300
158,47200
110,24200
104,23900
125,54500
151,52100
133,31800
111,26300
156,112600
166,20400
135,32100
164,23300
191,44200
165,39600
165,41800
150,43700
129,26100
161,346000
114,27300
158,37500
173,37400
185,36900
191,38900
132,51900
114,34200
200,26700
135,74600
109,26900
158,27900
191,91600
183,48300
179,63100
199,100600
187,34500
187,45700
156,52300
149,52700
137,32600
133,41900
121,20800
129,31700
139,19700
191,57600
129,31700
179,42600
106,25700
187,149800
144,33100
119,26900
126,30400
145,47500
189,43400
185,43100
194,36300
174,59100
132,34300
130,42300
193,44500
190,43500
138,21900
168,23600
173,33100
119,36300
154,21700
140,17800
103,15600
136,50800
147,31000
123,31300
193,46600
192,52700
161,37800
188,125200
128,33100
122,19200
159,42900
183,68800
162,43200
167,21900
107,96100
102,29100
121,102800
189,45500
120,39000
190,26100
116,32100
128,26000
192,111600
182,23100
104,28100
124,60800
200,24400
162,37700
106,19400
144,19500
183,33000
108,35500
135,33300
184,26300
151,97800
182,47000
131,41900
153,127000
121,33000
107,16700
119,35300
141,38600
135,38100
101,37900
107,36200
158,41900
182,182100
147,40300
156,21000
162,57800
183,47400
131,47400
143,68100
197,50900
196,64300
103,97600
124,33900
156,42800
156,33500
191,50100
181,53900
114,31600
121,46800
146,40200
128,33700
146,38100
121,23800
165,33100
144,36200
117,31900
126,18300
199,130300
181,47700
157,51600
188,80800
188,44500
169,54900
120,32800
149,45500
150,59900
181,47500
149,49700
157,41300
115,44500
112,58600
194,49700
100,34200
198,83000
122,33000
135,32700
152,48200
170,45200
139,49500
195,51200
138,43500
166,46300
102,28300
108,16000
147,35300
146,37600
184,43900
155,47400
131,17600
134,29600
194,117600
164,38800
105,24900
106,48600
100,24800
199,46100
187,65200
110,39000
200,49600
163,57800
103,24000
119,29900
199,27000
137,34500
150,35700
116,34000
164,54800
178,47200
143,77300
183,48200
144,58000
112,54400
121,32900
158,38700
121,26700
167,44700
143,30600
165,42600
132,31700
119,32800
180,55100
142,63500
104,26600
177,56600
171,44100
185,43800
129,42600
121,36900
174,46100
150,68200
195,50800
165,38700
138,37200
144,39100
127,18200
138,32400
133,31100
136,26600
150,35000
164,334200
137,46100
168,58300
117,18500
131,48100
126,16500
192,43600
143,33100
154,53800
163,38300
152,41300
198,41200
145,18400
105,24400
122,40300
133,73400
185,50700
165,144600
197,52300
197,44800
182,83000
181,47100
178,69100
114,31500
105,88600
125,39600
128,49000
130,215200
161,54600
192,42300
126,33600
149,102700
100,28300
110,34900
122,52200
180,24800
136,33600
166,32100
162,72300
191,51300
194,60800
104,38400
114,28600
100,65900
199,50800
155,37000
111,33900
115,32100
179,43000
190,77700
127,34500
128,36000
183,28300
167,31900
183,36100
162,52300
107,29400
126,107200
166,39600
113,28000
104,34500
146,49500
136,48200
170,53000
145,59000
123,45900
115,41600
111,63700
170,44600
169,26700
184,51700
144,49100
169,40800
167,43900
133,42400
156,60000
170,55300
104,18200
179,33400
109,96900
128,31300
180,35200
180,40000
200,27400
102,25000
142,44200
111,15300
194,44500
175,38100
189,55400
177,24000
128,37800
126,35000
139,32200
170,22600
110,285700
145,39500
123,25600
196,26800
100,25900
135,19100
183,77800
185,47800
108,34600
194,324200
134,39900
157,50000
193,50100
120,17500
100,43200
120,33800
139,27500
150,22600
148,34800
119,32400
178,34400
138,37200
189,23900
193,130100
129,31800
102,39500
167,55300
180,46500
194,146800
186,58700
192,48900
138,35700
166,40700
171,35700
148,338700
133,18500
140,31800
131,34600
140,57500
115,25700
195,50300
106,75000
174,55900
146,39200
175,56400
153,38100
170,40300
110,26600
140,51000
123,27400
176,28700
123,45900
184,28000
150,40400
124,32900
102,29900
183,42900
146,36800
146,43900
196,51400
169,55200
156,54300
178,69400
181,42200
150,93100
183,47700
188,43800
116,30800
198,24300
107,39000
130,29400
171,32800
178,105900
157,19500
143,34000
178,37400
134,33300
155,52900
177,63600
105,29600
126,49200
131,32600
113,34300
148,38900
142,50900
124,33400
113,31200
145,46100
195,50500
101,32000
163,31600
197,50300
177,91800
192,60400
135,51600
120,32800
151,47600
191,78600
198,50700
179,51900
184,267100
110,30900
178,39600
187,54700
123,21200
144,39500
115,37000
128,35200
110,32000
101,47200
135,36500
180,54400
125,41500
163,43200
140,37800
147,226900
157,41500
111,16700
145,41100
159,41400
181,43200
190,198700
187,44000
167,40000
116,67100
157,109000
171,44900
197,59500
108,64500
138,38500
127,20800
137,36800
140,42000
123,30600
148,36000
184,43500
128,51500
167,86100
164,25000
185,61900
103,26600
145,40300
174,55200
181,47500
180,42000
133,114100
158,37300
181,42800
113,39600
156,37500
137,32800
143,45400
164,44000
113,22000
108,32100
158,27400
127,27800
146,60400
138,34300
158,37900
100,74600
123,33100
179,58800
171,35700
124,33400
104,19900
121,32400
150,72100
151,41500
116,29300
133,57900
172,46400
127,40700
172,31900
179,37200
146,49600
182,47600
137,78200
194,38500
141,111900
112,21000
184,41500
126,38100
154,42200
178,23700
105,22600
169,53400
110,58100
124,22800
156,26400
151,51000
101,36800
180,43900
154,85300
185,42600
163,32000
155,48300
159,30800
172,45900
131,50300
151,35300
161,21900
139,49900
159,37700
156,36400
171,39000
155,81900
107,30900
137,34000
167,53800
118,25900
189,37800
199,71600
132,36000
175,80200
189,50000
147,49900
147,26900
109,26400
196,62500
102,26300
139,37700
182,53700
110,19400
187,52300
149,55800
111,30600
126,22500
152,23000
134,36800
156,30500
106,32600
130,20000
164,43900
138,76700
118,32500
197,36200
115,27400
151,24400
131,35600
111,24600
150,30500
140,39800
147,27800
137,20400
113,32300
183,39900
133,50300
154,36800
164,26100
136,22200
104,31500
176,43900
145,73500
107,30300
136,63100
156,37800
166,49100
183,56800
191,49600
118,25900
185,57900
134,38800
187,60400
168,38600
175,45300
104,35900
183,101800
139,39800
142,33700
183,43700
139,37000
113,37400
189,48700
137,33300
195,32000
118,29600
141,45600
162,48400
160,42600
125,45000
192,51100
149,45200
151,91200
159,20600
107,17000
133,51000
164,42600
198,46500
109,19300
123,32900
112,89100
146,28900
101,36100
173,60000
160,35600
176,44500
165,60200
159,37600
160,33100
124,34000
180,57100
122,39200
144,34100
116,31100
195,89800
130,35600
179,40600
128,103000
133,34200
101,25400
185,57000
119,18900
199,53800
107,17600
121,38100
168,230900
105,35500
160,42400
170,44300
151,35400
114,27200
170,96600
178,48200
166,54100
182,85000
170,45400
127,31400
121,47100
167,43900
158,48000
155,38200
197,106900
135,36200
114,22300
101,293000
147,38600
152,37800
143,27200
170,45000
123,30800
172,68100
171,27200
153,24800
117,149400
125,16600
102,25100
160,36300
142,38000
184,26000
107,15000
148,19300
195,39700
159,37800
123,39200
105,25600
181,88000
167,32800
111,25800
108,37500
142,20000
161,20200
126,16300
149,32500
132,30700
140,34500
178,38400
162,37100
189,44900
164,53800
151,19900
119,32000
193,61700
113,30900
119,18000
164,23100
164,84100
199,25000
167,50200
150,36600
100,25100
180,42000
104,34300
102,20700
199,108100
125,17200
141,48300
112,31500
196,25800
123,35100
184,35400
109,18600
166,38900
117,27500
105,39000
170,30400
178,47200
126,40800
100,27800
123,32400
166,41400
156,60900
198,46400
190,120800
157,41600
149,48600
178,36600
109,31000
175,55600
139,37800
157,21700
122,20000
146,18600
135,17400
155,307100
116,32200
177,41300
196,41300
146,28900
130,17300
170,24500
149,32900
194,44700
141,34100
197,99700
153,47100
148,40600
133,18300
185,74300
198,26400
167,29200
120,29300
159,54700
132,25700
169,36000
116,27200
114,23800
179,67100
198,52500
168,51800
104,38700
123,40800
197,36400
114,16400
103,34400
141,44200
154,55400
105,26100
112,30200
215,44400
396,58900
430,68500
351,73900
325,66700
412,60700
312,73000
338,71100
253,109800
399,104800
437,127700
253,67500
463,206800
356,58800
379,114200
462,99900
330,104800
480,94600
288,67700
481,61900
298,54200
310,103300
435,59300
434,47500
427,153800
354,64100
308,60800
228,175500
458,120800
316,117100
310,175100
312,117600
401,154500
249,56000
440,283500
499,98300
390,149100
353,61100
271,102800
238,78600
245,94900
320,72400
454,85000
399,152400
498,221900
312,124600
346,141900
275,58200
258,76700
251,112400
427,75900
366,131300
490,153600
468,86300
486,110700
213,49600
466,213600
312,66400
462,134100
368,107400
238,85700
216,74300
462,70400
218,84000
389,147000
389,88400
250,93100
351,187000
251,186700
454,317000
236,72200
473,210000
231,66100
484,70800
364,71800
276,86100
476,162000
274,73600
294,104900
214,84000
419,115000
376,111800
472,127600
232,83900
259,98600
253,125100
204,78600
478,167700
281,86200
252,98200
394,113500
223,99200
469,93700
238,87500
455,115100
332,38000
485,177000
322,82700
437,201400
256,46500
460,124900
323,66800
362,115700
278,107500
351,78600
494,175100
347,113500
403,90700
334,71500
382,145900
358,127300
376,174200
432,84700
224,81400
285,61800
328,119900
441,78000
230,84200
240,49200
499,101800
300,112300
379,160700
476,152800
380,65400
282,155600
326,89000
216,58900
457,125900
463,123900
320,154800
495,84000
341,100200
250,123400
481,174600
308,98900
411,283300
214,80100
353,103700
320,132600
454,186600
266,105700
200,55900
378,76000
493,120600
237,86900
368,108800
426,113100
432,179600
340,203900
274,100100
261,93300
258,48700
395,141100
310,47500
242,52800
458,161600
469,126800
489,186800
403,73400
402,79300
337,125600
335,117800
406,173600
420,240400
214,93100
237,80200
218,71200
265,113700
488,169700
437,132900
500,523600
418,129700
255,93300
310,77300
301,85800
211,71000
213,49600
237,85700
324,64300
496,198400
484,76900
224,60900
365,101100
492,109500
235,79400
334,90100
266,77200
260,69500
496,134600
240,83400
368,94800
290,86900
268,436100
243,58800
313,114500
411,81400
359,120200
265,72100
464,94500
215,71100
408,123900
262,198000
289,74800
278,76800
443,123500
386,122900
441,93900
224,48900
227,51200
304,80600
331,93100
430,88100
487,101300
305,75700
424,80700
490,62000
215,44300
426,86800
467,84700
294,47100
210,41500
211,43000
256,46100
399,80000
330,39800
424,58700
339,69800
402,81900
232,114500
430,101100
439,84500
406,192800
238,50200
478,81400
499,73500
260,73800
341,83800
476,62100
485,65100
233,72400
205,25200
339,171900
371,40600
480,122200
342,42600
353,66200
262,46000
373,78300
218,55500
249,54300
312,49200
474,111500
205,101700
372,123700
346,78100
395,126900
348,204600
311,61900
262,85700
353,71800
448,63300
343,43800
208,43800
408,58900
347,97500
227,54900
335,69600
409,89500
300,64400
422,98600
322,71000
465,53400
364,40900
495,109600
434,77200
454,121300
305,46200
372,59000
413,44000
438,50000
359,74000
200,42200
475,60600
220,106200
373,83500
328,72300
354,62400
483,107400
377,46200
290,78800
279,161700
297,42600
417,98500
220,56400
250,60800
264,29500
208,73500
343,70100
288,59700
462,150300
415,59400
405,59800
275,67600
384,124900
369,103200
218,31600
441,62500
493,66900
374,80100
299,112300
360,53400
487,63900
363,46200
409,45400
445,90800
407,56700
446,60200
249,38300
237,77900
299,71900
334,41900
419,87600
202,62400
269,103800
390,59100
471,121100
459,51500
240,52300
459,111200
445,159800
409,126900
429,117600
222,54400
273,53400
489,197300
291,36600
238,34800
201,67500
409,67900
258,62500
460,136100
257,31600
390,123200
425,86200
276,84600
493,115700
260,72100
410,88500
255,69800
370,88500
216,90100
469,97500
448,69100
280,40100
305,77900
321,66300
349,41800
210,36900
317,49800
457,227800
222,46200
339,52500
265,56100
442,97300
287,263000
425,87900
407,77400
307,106900
244,73400
211,54900
317,54400
482,100500
222,62500
462,92900
404,62900
279,59600
294,86300
290,57800
284,36500
395,44300
277,92700
360,116000
215,62400
297,63800
211,26700
355,58200
278,72600
406,59600
324,68200
500,60000
376,90300
369,41700
271,34700
276,77300
456,63000
397,82100
471,74100
438,50800
251,123500
396,85600
404,62500
336,82600
284,59700
370,49800
394,52900
334,48600
207,50400
221,45100
465,63000
322,447400
237,48700
491,64200
436,73300
330,76600
439,62100
376,125600
343,52700
389,46900
452,51400
216,74100
224,57900
211,46800
312,79100
441,51100
252,53800
333,41100
271,103200
236,61100
261,32100
487,64100
308,65800
437,60800
431,79200
271,28800
476,53900
245,75200
327,59300
315,65100
494,66000
441,128400
450,520900
376,126500
296,47900
274,34500
485,54200
493,86700
340,67000
282,99900
322,66000
363,77200
450,71500
345,53600
468,80700
455,80000
242,79200
205,42300
363,111200
384,85000
293,77100
346,114500
494,66200
313,63700
250,51400
435,70300
480,88400
474,52900
473,63000
454,52100
214,132400
316,103200
220,29800
400,58100
289,31600
310,66600
496,111700
316,108000
384,54600
371,51200
435,60800
273,73100
428,48200
481,65800
422,85900
483,67100
224,77900
462,94600
234,48400
204,41800
291,110200
444,140200
257,426000
213,89700
291,60800
426,46200
446,48200
471,96900
297,63300
312,148000
233,30200
272,60400
432,90800
492,101100
458,123000
263,411000
263,104400
401,81200
433,63500
477,91300
298,84800
397,62900
330,80200
244,26900
285,70100
205,44200
499,88400
270,42600
424,97300
449,206500
479,59400
352,87200
250,50500
256,63600
466,161000
437,157300
288,50400
290,73100
207,25000
298,107700
347,37600
404,81100
328,48000
344,69700
403,72900
499,104300
472,63600
231,51100
296,83900
330,38900
300,86000
366,126900
385,62300
292,87200
462,151500
341,59600
394,57400
441,83400
486,111800
327,35900
473,59500
489,111900
453,84500
342,97800
223,80600
399,44500
495,66800
209,86700
266,85900
359,75300
465,94900
471,104300
248,47900
286,31600
463,49300
478,91600
458,57800
273,47000
367,54000
484,106000
489,155700
218,46700
338,42000
456,53900
499,69900
208,67200
418,74300
431,90500
228,35900
267,58000
252,96600
277,29300
354,53200
330,57600
246,88300
334,78900
283,58500
225,31000
398,119900
260,61700
321,637800
236,47800
470,61500
301,108300
428,142000
247,108500
393,125500
365,73000
407,51200
273,455200
227,147300
216,24000
226,67900
240,61100
407,42800
201,57000
280,85100
340,72600
390,49600
462,66500
394,53900
273,69900
223,57800
351,158500
282,30100
274,86000
254,82200
294,69800
369,64700
477,230600
425,116000
267,46400
276,89200
479,134800
356,116000
252,72900
462,360200
417,155900
284,80200
295,88700
269,79300
319,109100
288,97300
493,56500
408,87900
386,297000
413,190900
457,466600
326,44600
233,52000
415,60800
332,67900
255,31100
223,86200
319,32300
486,61600
493,59400
230,59300
495,53300
443,56700
377,139700
238,52100
287,86100
443,48800
245,75600
245,50600
217,41900
412,128200
382,76200
293,35100
202,40600
254,116200
383,53000
332,52600
420,52700
491,52200
299,88400
426,130500
330,62300
293,84600
238,69400
322,34500
250,67000
291,77700
212,45900
348,44300
401,56600
303,73800
241,59100
409,123200
356,80600
247,54000
315,49900
488,66100
305,94500
442,74200
284,31400
496,65200
202,61800
229,47500
444,50000
349,78200
313,72000
358,39200
418,112800
253,51500
303,84000
263,108900
339,95300
204,66800
238,61800
232,72400
324,37200
439,59500
252,74500
440,61400
316,61800
290,34800
206,40700
419,49600
211,77100
248,34300
217,54000
454,143500
339,106900
348,70700
394,65600
421,126700
224,28200
336,38300
443,101600
422,50400
260,62600
224,45100
252,34000
380,54600
436,65000
303,101400
400,52800
429,46800
221,91900
344,91600
257,28700
381,77400
289,80300
405,86100
473,98800
497,58000
449,63400
218,65400
241,50200
442,58200
393,108000
232,55300
387,105900
415,73300
202,55700
214,82200
228,82600
211,71300
291,77400
210,52900
402,58000
428,116400
495,67100
350,51400
328,88600
218,24800
499,106300
310,68200
303,116100
489,100300
273,58400
461,82500
343,97400
402,86200
432,95500
209,57600
336,58300
241,61200
223,39800
415,82100
308,75900
205,42900
207,97200
250,32200
232,57000
377,76600
492,70800
284,51500
384,121200
366,39400
217,48900
283,55700
269,58500
245,59700
306,67300
443,91600
253,104500
366,44500
223,40900
236,42300
391,57500
404,130500
385,56500
460,65200
498,68300
343,72600
378,58600
232,40000
346,113800
311,64300
207,53800
276,39700
335,60800
298,41100
367,44000
383,56900
295,99900
220,42000
234,49100
308,75600
468,53100
431,51400
366,44000
472,97400
311,137900
498,62700
204,41400
233,48500
325,74300
232,122600
399,47000
456,50700
426,135400
481,59900
228,29500
442,309800
392,79000
378,79300
274,42500
348,49400
270,61300
310,63500
450,58100
345,105800
359,110500
284,151200
275,94600
401,137900
426,246900
233,140300
208,67100
452,246600
248,96300
250,194400
243,50900
429,84100
413,82800
335,39600
284,85900
226,69900
415,97100
470,229900
266,45700
236,653400
468,663600
485,99900
383,80100
369,59600
483,55500
242,31000
284,127700
209,63900
269,37300
400,64100
493,62300
259,43100
256,54000
463,58800
459,73800
209,72300
337,80100
489,106200
473,86900
358,123700
213,38200
478,61800
407,107400
243,150500
418,143300
292,54500
230,51500
478,99000
248,52800
366,44000
493,107800
428,71600
487,131800
324,34900
483,67800
391,83500
372,83100
358,103200
444,100700
232,60200
385,74200
306,183500
313,80400
373,59300
468,144000
237,36100
391,185700
431,126500
263,26700
269,35400
280,56000
267,64800
239,48700
433,50000
340,70800
493,303900
343,98400
368,40100
419,63800
257,74900
325,71600
296,57700
326,46500
407,56300
499,65300
402,93500
395,60800
473,90300
302,48600
256,54100
322,69000
371,241600
452,109700
408,58100
464,53200
484,65700
342,73200
407,47300
280,91100
202,61800
247,84400
448,123100
216,190100
305,167900
350,79300
262,64100
489,121100
289,113800
302,50000
365,54100
427,108800
498,100800
201,76100
277,60100
264,85800
282,57400
489,84900
300,71900
436,89800
410,47300
424,108100
224,26100
457,86700
442,69600
247,56800
437,86800
494,116100
383,110700
452,61100
313,73900
455,59900
313,79500
241,50700
446,70700
349,96500
230,83300
451,95200
237,80200
209,77300
375,83800
351,47500
303,40500
278,45200
248,36000
377,42600
413,99000
369,88500
385,44200
402,85300
215,67700
270,68500
433,259600
272,52700
321,86600
496,106000
309,63200
258,37500
267,75600
250,32900
292,94900
383,42800
357,156200
408,82100
357,70700
226,44000
485,148600
506,70000
652,110200
953,161900
533,166200
542,58700
946,202600
665,119500
802,562900
902,299800
993,326100
512,172800
681,179500
801,158200
863,190200
866,185900
638,90100
901,193800
684,189900
510,50800
949,168800
588,135000
506,126000
773,286300
687,120400
765,107400
554,750500
956,140900
805,83900
913,186500
739,162600
976,233500
753,97500
600,113800
652,387600
805,108000
574,97000
782,86300
500,152400
831,99100
567,70000
826,261300
612,164700
902,241100
733,88000
731,73100
692,120500
949,188300
598,64100
664,107300
623,136300
790,243300
840,98700
761,201900
928,108900
990,303700
723,88200
529,164800
920,435100
902,326300
597,79000
522,112600
706,131600
767,92900
580,62900
520,63800
893,374800
856,100500
938,115900
638,142000
719,77000
997,111000
519,179400
655,77100
855,95200
653,275300
861,312200
977,186200
679,110200
983,299500
997,101600
715,71300
543,71900
624,82700
709,91400
935,206900
1000,119200
605,118700
523,74700
597,83600
747,404700
573,69800
991,109400
527,67200
623,78700
998,174600
884,95400
567,60000
776,100800
873,285600
841,178300
725,161000
553,57100
914,218300
608,74500
774,204300
625,88700
507,97500
853,273500
541,160100
883,1480900
609,212600
514,202300
748,120000
897,146500
768,289800
997,133600
754,413100
827,313800
957,161700
660,143500
736,203500
996,378700
582,663800
940,313800
606,239400
919,348600
766,536800
609,82200
740,88400
689,168800
623,85900
913,350400
933,229600
741,217000
760,219800
759,286400
977,360800
975,148100
980,237600
562,87600
609,232500
671,247800
557,178000
535,153500
665,294900
511,92500
593,88700
617,177400
584,123100
698,195300
660,95900
690,262600
763,291300
961,353000
562,164500
672,157900
723,287900
913,170600
934,357400
995,148200
762,283500
957,816800
836,789400
707,92900
932,172500
905,124300
758,146800
998,354400
803,548800
734,271100
508,185600
522,94900
949,140400
706,85900
875,283600
666,205300
685,207300
624,216200
999,311900
502,219400
988,276500
860,187800
695,188200
735,191900
916,191400
900,292700
943,323100
984,188800
712,154200
756,94200
956,267200
601,166400
953,269800
960,195300
765,209900
657,177600
599,142200
803,170500
517,139100
694,85700
892,173400
878,154300
779,102400
978,316400
802,156700
712,72900
857,305100
510,127400
791,150600
970,314200
829,182000
882,241200
714,90400
842,84800
588,80400
593,71300
706,79900
679,518300
546,94600
676,179200
907,144100
586,65600
583,63700
585,65200
717,151300
735,78500
908,248000
639,135000
812,250300
873,131000
716,89300
576,299100
816,215600
628,204900
836,89200
776,161200
953,193200
619,124900
776,224600
634,193600
669,138600
536,57500
829,98500
716,486000
919,102500
679,85800
727,252900
615,78400
815,272800
860,173100
693,110800
726,89000
917,96700
607,76700
560,109800
619,104100
969,342200
559,104200
795,243600
514,104700
590,259900
634,104300
591,141000
531,127500
568,73600
992,222300
957,188100
597,73800
956,106900
506,477900
694,189600
712,81800
971,101200
906,207300
739,102700
725,205100
808,315200
863,245800
831,168500
867,221900
916,115100
946,108200
764,405400
832,160100
578,164800
906,131300
619,67600
846,129800
595,72600
713,399900
846,197600
870,180600
878,144400
699,97300
602,715700
881,90400
673,85700
959,252600
895,139500
546,129700
968,133200
640,120000
791,201500
869,156500
724,241900
593,70300
779,82600
751,563500
765,82300
857,159000
872,91800
919,216300
919,356300
533,62600
887,94400
795,97900
740,88600
617,142900
625,143400
612,68300
539,68500
600,74900
524,119400
567,87000
904,150800
647,88400
802,254100
658,79300
645,85200
500,195500
532,125300
535,70100
906,275200
704,620200
637,271900
524,185000
538,72400
643,126800
882,302100
823,102600
993,115200
803,240900
926,98400
766,202700
599,124100
567,145100
636,127600
548,74100
707,153000
575,135200
584,127100
804,343000
657,73900
911,97900
765,239000
788,105700
504,70000
621,74200
943,227000
552,114400
694,105800
709,212400
910,201300
710,87000
808,671800
706,86200
776,91200
850,199100
613,65200
861,97700
842,100900
537,133000
976,196100
761,119500
561,74000
638,74600
887,247400
642,189300
899,99700
987,183100
920,111900
890,158500
945,144100
917,107100
551,72000
774,118600
777,94300
559,70000
850,152400
936,267100
586,61500
918,289300
573,129800
587,79700
891,212100
820,204600
631,129300
806,140900
635,128700
566,80500
792,151300
597,72600
766,478000
782,268300
612,243600
718,192700
913,201800
783,233000
857,95800
716,81500
527,163000
765,103600
770,133900
884,222000
571,120600
974,104600
876,103000
978,101900
680,191600
638,103400
962,223100
926,195600
805,196700
675,113100
750,124600
582,112400
963,323000
799,106500
761,152400
856,244300
767,159000
843,197700
592,133900
526,72800
962,138100
733,195900
797,181800
535,90700
765,132900
824,163900
800,219700
603,66000
909,160400
793,169200
709,96800
601,745200
663,71800
667,143700
872,100700
600,97800
921,106700
987,325100
836,112100
973,242400
872,239600
740,147900
852,96400
608,123400
986,349700
986,148500
805,109400
533,67200
872,293000
570,107000
966,109200
976,746400
528,70500
608,134000
861,755600
627,222600
828,95400
829,88200
940,258400
803,82600
734,89900
590,61900
652,79500
973,160400
922,241600
983,376500
900,184600
744,168600
581,162500
757,88600
855,227000
503,59500
917,207300
987,391000
898,537800
555,93000
846,196100
652,115500
731,88600
645,78100
984,119400
548,69200
532,88500
637,103400
930,347200
602,131500
964,524100
501,152900
830,249900
885,276900
939,254900
725,143700
902,188400
832,107500
959,296600
984,248600
612,194200
690,151000
874,95700
780,99800
840,104000
656,83800
712,329600
633,139800
637,137300
981,206500
861,143400
872,99700
759,162500
852,152600
698,417300
982,206400
848,532700
999,259400
927,566900
640,82300
730,93900
809,240100
811,85700
986,179600
610,506200
866,177100
925,610700
761,292700
598,182100
714,256300
936,222600
542,103100
640,127500
859,234300
756,160800
701,292800
862,466600
906,139500
520,121000
833,97400
564,76000
605,73900
867,179600
996,260600
774,201300
808,149200
885,222200
805,180500
574,78700
687,92000
706,142600
884,151200
942,210200
946,105600
814,98600
934,143200
805,174200
599,343200
517,67600
616,197100
985,114800
951,154100
647,160400
543,80900
797,136200
868,235100
792,254500
653,72200
987,142700
772,273100
843,311300
776,107800
720,121000
983,127300
949,114000
681,164300
680,174900
717,204200
778,193700
546,133000
681,160900
874,158400
803,102800
993,205200
843,93100
636,126700
544,119000
624,101900
987,209500
897,136200
721,182700
849,186700
612,79200
678,145700
508,93000
547,191600
860,259200
582,214600
728,169800
964,372900
830,239000
711,132700
920,156100
974,128400
827,161300
1000,184300
561,185200
549,124200
941,269300
965,153600
913,105600
794,155900
886,269000
997,315300
839,135900
690,130100
752,136000
716,170400
569,74200
575,69300
849,182800
868,125500
881,234900
698,452500
575,84300
802,128100
960,194200
902,102900
850,306400
763,89400
943,132400
911,276200
953,157700
905,261600
597,186000
583,118800
754,183800
913,216800
986,162500
879,195000
726,99900
599,74900
517,143800
765,154200
586,66900
544,103400
644,123800
792,92900
778,97900
552,59200
766,103500
885,395300
629,75400
967,326500
571,223300
717,181600
738,117500
910,183600
552,69900
979,185900
967,487600
755,151600
745,103900
532,115200
941,327200
963,145300
720,117900
666,184200
914,204100
592,92200
926,100500
605,214500
573,135200
839,307300
732,519500
639,81200
662,97200
611,68100
654,216600
625,129800
595,84300
754,78600
805,162700
718,153500
629,155700
573,182400
909,99100
759,158100
964,111800
671,140700
683,185200
591,71800
926,179900
531,86400
505,90000
574,168200
894,341700
925,142700
749,105300
619,141600
781,166500
538,122000
758,227600
762,122000
980,186300
713,86200
507,70700
560,80400
541,74300
657,80900
884,284600
988,264900
604,72400
920,236800
950,105500
935,236100
573,188700
812,434600
878,330600
711,86700
715,100900
632,391400
500,110200
821,121400
747,155200
841,169700
712,85600
559,72200
574,74200
831,193200
830,102800
987,206000
892,180000
612,84500
836,292300
925,313400
727,740600
626,193500
639,152000
665,253400
840,537400
713,94500
913,341700
633,77800
700,93600
702,128700
988,186200
638,137200
995,427500
863,142500
826,262200
826,138300
615,166000
786,175300
854,126800
703,151500
604,107400
651,70600
890,364300
576,173800
924,440300
602,65100
607,96700
654,164700
672,86900
573,207100
937,168100
855,172400
883,187200
839,173200
739,98700
706,232000
946,114000
535,176000
648,118200
553,154600
836,131500
782,105900
515,69600
702,87200
602,193800
752,103800
576,133800
912,290900
866,133400
848,173200
755,109700
863,145200
778,2258400
813,258400
606,188300
586,97400
768,163700
580,172600
568,122900
987,391600
866,461300
623,155400
911,214800
805,286700
785,177900
972,193900
943,210600
829,135800
565,82300
769,89000
886,224200
676,157700
919,305900
542,71100
742,90400
787,98500
765,337500
607,150000
698,81100
644,250700
831,89100
638,79000
700,120800
744,131300
920,219600
518,133800
756,196300
590,76700
609,66600
563,122300
761,97700
563,73000
809,329200
791,265600
702,217500
530,118500
924,280100
941,130600
935,107000
954,282500
776,173300
672,181500
860,101300
959,218700
572,183300
734,98200
679,163100
927,99700
743,80600
899,107300
824,158700
940,218800
924,135600
953,225400
566,122400
725,100600
687,271200
844,168300
755,188800
806,168200
614,243300
823,171800
874,184700
581,416200
581,68500
608,138300
764,91100
708,101000
552,73800
728,78500
828,168700
665,74500
631,187800
862,106600
508,76200
886,100800
623,78900
912,290900
986,219900
533,59200
987,208200
803,239400
641,185500
677,215200
653,392000
754,78100
750,353600
604,121400
947,292300
914,177200
770,145500
824,87000
692,171300
763,94600
978,102700
968,114500
558,76200
811,96000
850,232100
557,123500
636,145100
774,215700
941,104400
713,148300
608,81800
571,88300
752,143000
988,115700
514,61700
802,103100
543,173400
979,222300
722,164400
508,130700
659,126900
839,203800
843,199600
518,68800
915,116600
603,85500
667,130000
796,103900
956,99800
548,73500
900,216600
530,63300
565,237100
654,174700
720,146400
986,451500
887,166400
831,195400
576,77200
871,280500
932,342300
904,699900
822,96500
950,192800
980,193300
783,199700
640,71600
922,101900
869,97400
760,96400
990,106100
827,181900
902,206400
739,146400
581,134800
838,98400
804,203800
862,139400
856,106000
675,115000
987,378600
559,99400
707,143700
575,120200
671,294300
744,151700
665,132500
993,207200
956,132600
754,464100
657,70800
642,166100
783,145700
621,126000
936,108400
655,574800
928,102000
703,97300
972,270500
515,71400
749,274600
957,224100
837,549700
701,76000
665,83300
554,72100
519,64400
819,221600
836,154600
913,112100
534,146900
972,195600
769,104100
955,165500
529,76900
653,72200
692,86500
563,100300
916,93500
785,269700
1423,142600
1100,197800
1959,406300
1696,229700
1020,178700
1946,450900
1483,207900
1050,224400
1332,701200
1442,310800
1899,204500
1232,379600
1968,256800
1716,496200
1125,305700
1384,439900
1935,411200
1377,142300
1695,235000
1814,694600
1359,369700
1381,338500
1115,388900
1870,609700
1613,472100
1734,472600
1513,397700
1931,414200
1058,226500
1937,205100
1497,703700
1161,339700
1408,500600
1268,192600
1179,334700
1916,341000
1430,173500
1295,250100
1628,342900
1232,561700
1750,422700
1856,517500
1436,447200
1319,277900
1091,188700
1691,450700
1164,187300
1753,451500
1646,356500
1044,135300
1822,401100
1243,675600
1898,335600
1606,167400
1502,816100
1563,218700
1115,248600
1546,570400
1742,383600
1667,507500
1803,317500
1337,213700
1775,530600
1379,338900
1997,445800
1534,399400
1334,157800
1785,443800
1949,659800
1559,340500
1215,206300
1464,203600
1870,625800
1160,248300
1722,542200
1384,178100
1559,826500
1100,134100
1811,519900
1708,533400
1884,340900
1320,232600
1722,299300
1119,194300
1078,191900
1261,196000
1400,734200
1199,361400
1419,192900
1037,261200
1209,385500
1003,327000
1357,223500
1194,132000
1446,302600
1556,448300
1952,548100
1010,719600
1104,419400
1891,1253100
1076,604300
1667,577400
1649,400000
1376,459200
1324,155000
1485,164900
1551,223800
1800,336900
1881,410700
1090,249600
1306,346200
1191,293700
1155,156600
1269,235600
1447,310900
1602,529500
1566,531600
1110,168200
1888,734600
1773,350700
1014,121400
1186,406000
1346,244600
1648,767000
1585,302300
1257,411300
1104,233900
1107,136600
1302,224100
1016,318200
1138,143400
1322,398200
1250,354500
1427,360600
1270,460500
1741,1015600
1666,664800
1335,685200
1258,470800
1129,139400
1047,231100
1176,234200
1862,265600
1551,389500
1646,420700
1362,192000
1435,325400
1442,158600
1918,439300
1469,611200
1843,300400
1069,146100
1301,452800
1558,221900
1514,188300
1455,287900
1077,181500
1672,207100
1570,343700
1009,143400
1942,452200
1323,162800
1612,370000
1547,177800
1796,429500
1486,274000
1284,164200
1006,127100
1445,430300
1729,298400
1961,422600
1589,503500
1987,320100
1394,247800
1513,256500
1701,535600
1913,601400
1464,311300
1640,473600
1447,317100
1513,245300
1071,206200
1229,459500
1800,852200
1578,414900
1440,324100
1378,284400
1951,452200
1009,375900
1849,197800
1091,348200
1639,440600
1120,294800
1712,679800
1748,262200
1851,225900
1048,123500
1983,220800
1404,324400
1837,366100
1386,163300
1294,468000
1986,421100
1547,1100900
1263,385900
1916,360300
1022,270200
1690,233200
1714,304700
1433,424000
1600,380400
1600,355000
1517,455300
1134,141600
1845,251600
1689,332700
1271,224300
1419,677700
1919,481700
1959,223600
1392,246600
1895,701100
1008,203100
1629,557500
1096,283900
1650,368600
1242,149100
1213,1442100
1610,381300
1458,475400
1849,321400
1588,377900
1759,218900
1968,234800
1153,132300
1095,252400
1728,223500
1715,371800
1898,420100
1840,423200
1681,503500
1796,406900
1678,355400
1617,281900
1641,1513300
1697,289200
1860,432900
1062,326700
1133,438500
1882,226400
1848,193000
1258,306100
1280,699300
1692,511600
1381,168600
1468,157600
1520,714200
1832,394900
1546,343500
1824,595900
1002,337200
1172,128000
1317,344500
1280,222000
1222,395500
1024,316900
1595,326800
1552,254100
1548,190100
1087,141500
1070,473300
1137,305800
1121,137000
1806,443300
1232,243000
1740,397100
1636,294100
1487,492600
1951,215700
1518,851100
1009,286200
1756,635100
1010,581200
1966,798500
1388,303200
1035,159500
1974,562500
1824,394700
1235,238900
1759,459100
1275,316100
1318,346600
1939,263000
1089,382900
1134,359000
1851,648600
1364,290400
1267,351200
1179,273500
1532,465300
1256,185800
1817,322800
1809,437500
1205,145000
1986,276100
1600,428000
1337,159400
1695,190500
1930,547400
1549,337300
1913,461300
1221,874000
1668,365500
1762,198700
1422,159700
1533,474500
1957,444600
1897,242200
1689,320000
1864,403900
1349,349300
1536,224300
1693,460000
1960,440200
1509,377400
1136,238800
1514,226300
1348,405600
1825,494600
1347,285600
1171,195200
1582,346500
1240,567700
1746,658100
1484,876700
1281,167000
1753,286800
1001,198700
1461,385000
1265,145400
1408,396500
1710,274000
1367,336100
1079,306100
1939,435900
1106,393300
1552,293500
1197,684400
1841,563100
1577,219900
1925,225700
1603,203300
1209,219300
1593,502700
1106,172500
1473,550800
1502,607500
1292,282700
1890,848400
1543,404300
1348,278100
1095,215400
1590,532900
1177,453600
1184,1057800
1707,576700
1783,685900
1561,342200
1084,175700
1416,319900
1771,530300
1134,299100
1481,603600
1635,367400
1188,251800
1573,199600
1741,645700
1662,539600
1341,508400
1729,647700
1366,400100
1431,209000
1498,304900
1479,435000
1346,200200
1024,155100
1169,993800
1206,527200
1590,395000
1839,403000
1374,172600
1854,364300
1976,568600
1419,182600
1183,370200
1680,613800
1865,556100
1346,360800
1103,383200
1754,515000
1310,190200
1604,606200
1412,191900
1972,738500
1803,1043000
1886,693300
1047,171700
1344,200200
1576,248900
1426,207600
1856,333900
1491,424300
1293,462900
1049,196500
1031,310700
1833,606900
1728,506500
1720,482100
1230,247400
1103,203700
1802,222700
1756,351400
1590,433300
1225,386600
1805,381200
1932,534700
1507,416500
1300,167200
1769,793300
1404,523900
1812,225900
1412,391700
1912,613300
1739,209400
1727,430700
1608,180900
1821,593400
1605,464200
1421,508300
1170,218400
1307,183300
1638,285600
1322,197600
1451,308800
1480,345700
1226,361600
1063,362300
1038,154300
1109,225400
1978,748500
1133,178900
1993,257400
1634,418000
1100,177000
1696,380400
1039,206400
1046,405100
1357,530600
1677,643400
1848,413000
1494,432000
1403,414100
1963,731000
1476,555100
1991,799700
1143,184200
1292,258700
1048,418300
1765,350800
1711,476700
1002,274200
1787,378300
1812,508900
1961,377700
1176,132800
1648,455100
1492,314900
1747,383500
1510,408400
1280,696200
1587,666900
1528,423100
1030,370500
1845,492900
1785,540300
1616,180300
1431,266500
1517,375500
1261,202400
1027,236900
1082,165300
1732,339500
1627,562200
1811,477000
1466,360800
1453,533700
1751,452300
1888,1246200
1146,134100
1130,154100
1909,644700
1482,168700
1139,307500
1231,276400
1860,271400
1049,268300
1248,429600
1505,327700
1207,144800
1067,422900
1035,188700
1338,633900
1860,753300
1975,229800
1301,151300
1965,222200
1460,382000
1643,393300
1363,166300
1330,531600
1242,399200
1337,203600
1864,416700
1773,789200
1194,146200
1862,259500
1018,228300
1098,627000
1537,367900
1884,305200
1621,466800
1040,216100
1543,340000
1735,340400
1729,368600
1834,253000
1599,381600
1259,347500
1283,624400
1765,439600
1944,206800
1003,306300
1366,302700
1065,209200
1514,236800
1191,293100
1554,541600
1302,242800
1161,290800
1374,195500
1314,179700
1764,388200
1192,592200
1262,446600
1254,230100
1958,464700
1817,549800
1490,326000
1534,390100
1225,150700
1978,786700
1620,355000
1021,319100
1806,257200
1065,137000
1854,425200
1316,255100
1669,291300
1643,569000
1140,328800
1077,237000
1868,228900
1461,227400
1595,888800
1434,314800
1148,329300
1888,686200
1599,307100
1270,283500
1783,323000
1546,230300
1254,516800
1696,1010600
1890,563300
1144,275300
1069,236000
1035,233800
1819,191900
1032,235600
1994,531500
1082,641500
1761,767700
1239,149800
1078,200900
1528,768500
1595,303800
1893,430500
1195,143000
1180,606200
1224,277500
1778,575100
1061,128400
1625,380600
1558,743500
1215,632600
1530,441600
1292,410700
1457,198200
1893,319600
1033,623900
1988,834500
1590,390100
1402,1046000
1397,372700
1153,174400
1735,592300
1559,463000
1586,204400
1179,248500
1837,244300
1565,516400
1049,157800
1229,347400
1221,184500
1145,730600
1586,572800
1236,203000
1049,161500
1266,342400
1701,622700
1213,168100
1752,661800
1452,481600
1905,539300
1219,202800
1137,254800
1215,179400
1226,178300
1349,493400
1305,447100
1894,548200
1264,569600
1894,342800
1277,444900
1250,252300
1580,196800
1423,388300
1715,492000
1060,155100
1451,320100
1244,349900
1728,441700
1323,454400
1902,532300
1261,220700
1067,206400
1683,523700
1244,352000
1196,377000
1513,215300
1698,1105900
1812,297500
1326,215000
1942,235900
1943,672400
1765,710600
1593,345700
1859,242300
1135,132900
1189,258400
1489,397200
1342,301600
1589,179200
1488,436000
1749,394400
1973,582000
1557,181000
1060,235300
1351,502500
1453,267400
1823,554000
1833,699700
1136,383200
1913,418700
1360,463700
1261,152900
1986,597400
1117,390700
1100,228100
1397,681400
1835,462200
1047,132200
1140,380100
1589,535500
1437,346300
1521,331700
1884,228300
1057,140400
1297,446200
1874,893900
1363,406000
1238,452700
1064,191800
1423,313000
1213,336700
1297,443600
1018,198100
1077,380600
1371,604600
1837,531800
1008,825200
1979,426000
1362,195500
1774,588400
1232,409000
1916,458200
1609,446900
1324,244100
1750,517200
1437,375100
1920,227200
1762,309800
1048,584400
1372,405700
1384,398600
1662,341400
1615,495000
1744,540300
1050,234600
1616,595600
1841,272800
1665,188600
1591,487500
1506,210900
1943,405200
1097,140400
1811,451600
1265,147800
1897,1239900
1396,178300
1283,170200
1511,286400
1083,256700
1621,361800
1753,375000
1995,327100
1158,353300
1214,218200
1159,585700
1121,310100
1232,373200
1962,428900
1707,426800
1111,228900
1407,453700
1671,258100
1905,881300
1151,274600
1845,733900
1810,429200
1815,392600
1994,648600
1954,471600
1131,201800
1037,280200
1725,613100
1658,317700
1972,478800
1375,236500
1947,460600
1669,252400
1646,354200
1520,393100
1750,687100
1191,223500
1198,444300
1304,442000
1861,477000
1173,229100
1946,442900
1167,290000
1106,192000
1945,474800
1180,323100
1966,452300
1744,203900
1378,639900
1264,401800
1358,235000
1420,352600
1532,329900
1429,243400
1515,282300
1370,168300
1629,394300
1003,146100
1031,114300
1735,553600
1065,133200
1787,871200
1035,131400
1817,212800
1864,576900
1081,711100
1047,140100
1631,419200
1903,406900
1350,318500
1485,426200
1255,539100
1512,238600
1877,455700
1082,257900
1626,398200
1195,345000
2000,251000
1667,449800
1481,679300
1959,355900
1000,278800
1221,148700
1096,535100
1265,282700
1787,407700
1955,584900
1209,766600
1813,416600
1141,180200
1483,561500
1634,364900
1558,454800
1549,191400
1795,516800
1489,334800
1279,346100
1032,143600
1453,369100
1480,336800
1707,602200
1328,299700
1973,891800
1660,481100
1356,168000
1490,616800
1598,247500
1165,536300
1681,470700
1050,294300
1156,144600
1335,299300
1829,431300
1049,196200
1616,183600
1806,602700
1915,514700
1261,328600
1639,394000
1233,236400
1661,290800
1484,320800
1790,321300
1729,301700
1941,617100
1366,175400
1046,206100
1714,239200
1758,369900
1771,201400
1492,284200
1596,353800
1746,478700
1722,507000
1504,372200
1324,586100
1843,395000
1841,654400
1853,219700
1047,125200
1480,447400
1994,1094900
1031,302400
1239,544700
1498,321700
1820,533900
1676,368400
1238,448400
1212,362800
1066,384400
1263,153700
1518,420200
1985,746200
1314,249300
1772,376900
1333,226200
1512,316400
1725,401200
1855,384400
1053,129600
1660,440700
1669,814800
1490,356200
1525,260200
1461,171400
1888,240000
1327,670500
1052,245600
1667,316600
1876,541300
1785,687100
1541,216900
1319,154900
1065,175600
1657,187700
1591,260600
1288,304400
1756,500500
1362,280100
1550,435600
1384,429800
1912,206100
1503,497400
1625,819100
1316,209500
1076,443700
1011,193200
1555,280300
1604,489700
1832,396600
1758,191500
1182,271600
1777,379400
1669,463200
1730,951800
1843,540500
1310,391700
1320,472800
1562,334200
1423,313100
1146,258800
1481,362200
1078,320400
1228,152900
1794,390200
1053,234100
1362,175600
1419,261800
1289,157900
1372,539700
1154,357700
1332,256600
1258,278100
1307,445400
1130,171000
1480,265500
1360,252400
1074,163600
1075,274500
1378,503900
1577,400100
1588,534400
1631,390600
1350,490600
1930,316300
1522,268600
1862,872600
1630,572500
1494,481200
1928,580700
1757,384200
1764,608500
1242,372500
1911,262200
1400,445400
1686,252700
1530,586200
1888,355300
1900,228800
1010,250600
1963,610500
1474,333400
1250,402700
1184,695900
1588,442900
1519,788700
1886,449700
1372,307800
1321,270100
1360,194300
1822,422100
1433,1017700
1095,354800
1672,520900
1561,456000
1426,230000
1921,227900
1267,148300
1393,310300
1967,557500
1238,193500
1773,605100
2415,212600
3060,647400
2219,431900
4391,506700
3533,374400
3469,897200
4438,714800
4173,398700
4890,769400
2489,409700
3270,679300
2501,489200
4622,468800
4071,774800
2968,288200
2206,217600
3882,1066700
3687,887900
3403,553200
3763,1842900
3671,744100
4247,787700
3928,1230100
2497,322800
3059,1143300
2730,539600
3137,589600
2446,674700
2466,650200
3841,797100
4827,887200
3812,702500
3943,1086200
2610,498600
4470,650600
2188,501400
3078,286700
4775,412900
4593,891000
4070,864600
4928,766100
4253,901300
3988,766900
4517,1045500
2621,508400
2807,521700
3060,364300
2894,271200
4892,753700
4225,929600
2743,532800
2858,437000
2732,257200
2428,392100
3467,403400
3283,619600
4139,779300
4027,364600
2102,394200
4823,1157400
2793,759600
4126,1721300
3877,407800
4227,1043400
3763,342100
2355,334500
3231,1004600
4087,3402500
3310,1018400
2445,256700
4053,1069900
3290,485900
4405,443400
2263,645400
4563,923000
3144,310200
3754,707400
2056,437900
2417,507400
4858,592600
3155,518500
2067,748400
4060,439100
4697,473600
4643,1067900
4958,468700
3143,607800
3580,1096000
2453,485500
3644,821400
3920,502000
2389,466400
4686,786600
4451,667200
4481,878100
3622,1499900
4546,425200
2065,570900
4004,984300
2689,996200
2332,1424000
4606,1497700
4954,1268700
4229,1102600
3737,350800
4324,634300
3843,360000
2760,638200
2370,367700
2591,1366600
4144,563600
3502,671200
2851,326700
3616,693300
3625,375400
4333,771400
4973,1026900
3890,894300
3609,555400
4353,426500
2987,286300
3961,748600
4510,1165100
2341,441300
2953,561700
4316,1094700
3952,840500
3370,1515300
4063,1078900
4108,367800
2719,583800
4478,429300
4342,1413600
4779,426000
2790,300500
2524,608400
4270,822700
3893,802700
2464,398000
3917,401600
4906,540400
2450,395600
4134,610100
2959,586700
2783,928000
4788,775900
2714,648100
2266,463200
2487,1187400
4892,1589600
2684,520000
3146,539700
4909,918000
2076,287500
4925,943500
4452,409500
2877,288200
2267,387600
2091,217200
2683,438100
4901,870400
4638,849900
2095,376600
2451,248600
3995,684600
4536,1039400
2398,476800
2936,316400
2049,395400
2893,569500
3799,622300
4999,526600
3954,377900
2741,273600
4032,436600
3000,450500
4847,477100
2493,328900
4106,982500
3762,953100
3963,730800
2100,608400
3200,602100
4075,781700
3183,601200
3141,505000
2537,688300
4952,590300
4102,845900
2351,318600
2777,321600
2538,307700
4582,897300
3732,867000
3651,947800
2514,807800
4785,915600
4933,542400
4800,490600
3520,678100
3426,456400
4778,445100
3987,456000
2440,631700
4071,850200
2664,726200
3540,414900
4999,919600
3568,819500
3568,367000
4685,928500
2217,439100
2924,326800
3430,354000
2187,205800
3565,538100
2175,439400
3067,984800
2199,643400
2256,584400
4729,932300
2608,649800
2585,430300
4020,753100
3418,657000
3862,387100
4809,1367400
2591,489600
2147,771600
4596,1592900
3753,1381300
3783,1392600
2976,1048500
3025,1161700
2786,1033900
4141,1249200
3276,865800
4479,460900
2588,783700
3080,315000
2327,625200
3201,598800
4537,820500
2364,316200
2317,353200
3866,570800
4062,474800
2548,502600
3936,429900
3828,855900
4011,365300
4426,458800
4266,720500
4920,487700
2931,316600
3411,430200
3275,570600
3159,819000
2500,324700
4169,382900
3702,493200
4672,444700
2171,288500
4889,464900
2744,884800
4912,801300
2930,1768700
4640,824500
2362,418100
3524,904000
4857,968200
4876,897400
2588,336000
2201,426800
2270,295500
3679,696100
2236,781200
2014,660300
2143,242600
2432,239400
3144,292000
2602,268700
2276,447100
4752,426200
3555,369500
4871,1225900
3513,629100
3482,680600
2556,314700
2222,435500
2691,858200
3478,1152700
4173,447400
2906,578300
4123,549600
4158,581000
3394,893000
4309,494000
3480,375200
4128,461200
4608,846900
4600,470400
3350,438700
4258,1178400
3807,747700
4230,406100
3391,356700
2198,534700
2464,410300
4749,423000
4750,899000
2903,563100
3285,654600
2478,757200
3004,484500
4336,628100
3252,541200
3729,449500
3771,1051700
4996,953300
3644,734900
2719,540200
4584,479400
3049,398800
3616,342900
3591,360700
4063,739400
3921,432800
4173,503200
3538,347500
2448,484900
3608,549100
4858,498300
2042,431000
4969,522300
3355,664700
3650,723400
2463,500500
2013,251700
2072,258900
4602,832800
4319,830900
4009,758100
3995,760600
2166,677900
2778,542900
2743,524600
4670,853400
3341,330200
2157,243200
3701,509900
4471,839800
2279,427700
4621,778900
3449,676500
3433,358600
4641,530600
3663,340700
3173,414500
4217,1386600
3336,1261900
4458,1332700
2967,317300
4289,635300
2552,258000
4826,938800
4659,1723200
2829,769400
3252,529600
4765,2715200
2052,348300
3845,851900
4880,745500
4230,826800
2135,618900
3555,1083100
4915,1291500
2017,213000
4581,614900
2592,447400
3926,741400
4241,678300
3255,540500
2618,269600
3095,924500
4392,484800
4268,430500
2721,521500
3617,685800
4975,962400
3055,482400
2585,498400
3695,513100
3714,722000
3539,346600
2108,426000
4387,808800
2637,474400
4214,449900
3201,398900
2601,268100
4471,1866300
4701,1050100
3121,1071800
3128,497900
4585,840300
4554,890500
3178,315400
4457,486700
3103,601900
2650,315200
4489,589700
4536,1521400
3870,622900
4297,900600
2231,455200
2642,529500
3984,1038800
4379,1010600
4397,563700
3697,713300
4109,1490000
2513,284700
2810,727700
4838,919300
2612,739600
2741,709700
4230,404100
3578,692900
4997,467500
4349,680300
4672,458200
2792,283200
2788,277100
2194,495700
4681,1781200
3558,386600
4799,922400
3670,377000
4861,948600
4571,825000
2609,265100
4836,808500
3163,1012400
2806,662000
4220,999000
2016,642000
3592,370700
2339,1673500
2908,319700
2038,570100
2588,520400
3933,445300
2555,844900
4049,1105200
3371,481600
2291,620200
3195,1300100
3096,592000
3807,899700
4002,783900
3783,390000
4784,734000
4015,779700
2180,465000
2687,317600
3664,730400
2168,271100
2561,332900
2516,474300
4109,1068600
3809,383600
3440,401400
2769,270800
2140,790800
4670,1645800
4177,1482900
3078,1056600
2335,629900
3091,326800
3615,654300
4221,809700
4891,857600
4879,963600
2314,465300
4944,1263900
2989,836200
4094,1297700
3454,662200
3620,736700
4746,926100
2429,472500
4454,659900
2769,488700
2845,290700
4380,449800
3371,768900
4289,425900
2708,1028200
2414,519800
2017,840100
4934,535500
4964,970600
4116,587100
4315,787200
3152,568000
3164,607200
4129,1327300
4897,1117500
3458,573800
4011,615400
4398,552700
2616,510100
4457,868900
3320,488700
4931,630200
2173,985000
3420,902600
4079,1138100
3781,1247600
3136,516200
2778,940700
2064,586100
2446,478200
2270,439900
2476,918400
2775,389000
3023,684100
3824,395000
2162,416400
2472,475500
2242,450800
4031,848500
4365,1382400
4262,446700
3749,734600
3527,624800
3303,644700
4384,857100
3363,729200
4599,865700
3960,453500
3453,711200
3422,415900
3168,787700
4195,848200
3792,1090700
3749,1048700
3596,1365300
4587,1458000
4223,709200
3926,381100
2683,321700
2621,962400
4893,928600
2399,1001200
3483,1030900
4402,836400
3944,593300
3790,522100
2197,275400
3700,649200
3799,516200
3753,776400
4794,454100
4255,819500
3261,585700
4746,524200
3927,778700
3086,603200
2931,623300
4071,973500
2190,328200
3859,776200
3297,613200
3138,328200
4878,946400
4516,955200
3769,721700
3296,558500
3437,395400
3868,457200
2751,708800
4394,551300
3721,728000
2204,232100
2398,282900
3142,862200
4514,458700
3746,906100
3129,964300
3926,735900
2268,443000
2399,469600
4720,981800
2810,325600
4766,686100
4644,487700
4114,1306100
2151,625300
4694,1556000
2027,983100
3023,433100
2366,667700
4234,1219100
3818,390700
4245,1125500
3240,751900
3872,1155000
3714,767500
4152,697600
4345,1160000
4635,1298200
3949,1186100
3990,1241400
3947,813600
3117,593100
4378,452800
4841,479900
2256,263300
4280,1058500
4900,932000
2136,818700
4932,1023200
4554,908700
2213,218600
4355,884100
3268,623100
2555,488500
3538,649400
3559,719800
2451,717200
2299,438700
4117,410700
4265,512300
4035,736200
2043,588000
4692,751000
2596,536600
3369,909200
4212,1268100
3711,765200
2819,551400
2370,476400
3413,662100
2143,655900
3931,795300
4339,406000
3849,482600
4537,1201500
3076,424500
2915,369000
4058,402500
2055,446400
3057,411200
4251,841500
3041,961100
2380,736800
2460,476500
3038,601200
3576,822300
3689,824400
2140,329100
4562,424200
3696,431900
4159,793300
4667,1782300
2607,3369400
3187,1181000
2011,706700
3619,893300
2705,679000
2935,830300
2044,608400
3108,319600
2037,845300
4783,823800
3688,581100
3423,594900
3687,339100
3074,501100
4415,1860400
2987,1093700
2729,545400
2629,504600
3145,325700
3266,317200
2744,534200
2031,402900
3305,360000
2998,847400
2258,620500
4607,423900
4677,447600
4825,1651600
2567,264900
4130,475200
4012,728900
3950,1181900
4703,494800
2405,620500
3525,1025600
3870,662800
4749,820400
3780,370100
2454,646900
2052,448500
3674,404800
4941,1013800
3567,333000
4919,536800
3656,811500
2414,930200
2633,523500
3016,581900
2470,345300
4605,1267200
4826,487000
2460,389400
3282,938300
4133,436500
3999,767900
4184,1337700
4681,997300
2741,697200
3262,389600
3807,498600
3345,899500
3975,756300
2996,587300
4966,622200
4155,1389700
4822,935300
2050,789900
3439,337100
3237,596200
3454,661300
3746,789600
4285,840000
2970,580900
2381,593500
3784,1706200
2894,603400
3526,1127300
3466,938600
2195,613600
3513,1324900
2749,277900
3202,345500
4006,714100
3362,700100
3880,868600
3590,989000
4109,386700
3069,859200
3777,387500
4799,945400
3221,644500
4087,869600
3932,700000
3980,810000
4355,520500
4754,748100
3621,1079100
2193,318300
2641,319000
4793,793500
4900,603900
4320,1302800
3926,645900
2042,419900
4609,845900
4306,491200
4228,1117900
2744,535200
4342,839200
4835,592200
2104,419700
3912,910100
4418,938600
4927,1386900
4041,1072700
4970,909700
4090,1442000
3443,353500
4403,898500
4098,961700
4174,1127200
4209,434400
2634,517900
3586,441000
4744,1468800
4608,916200
4788,904100
3986,1883900
2449,856900
4114,1119900
4592,1658400
2033,432600
2202,577000
4021,713800
3145,612200
3213,765100
4729,902300
4380,1087300
4037,764100
4578,937400
2399,265700
2407,1274900
3909,610900
3850,926100
4989,993600
3537,671700
2530,589100
3933,410400
3790,924100
2519,495600
2367,461800
4352,520800
4786,906300
3366,646600
4558,902600
4221,419500
4617,917200
3815,564900
3480,1045600
4687,467100
3548,395600
2474,438200
3433,818100
2421,344200
4789,1431500
2222,666500
3748,451000
4821,948100
2564,496200
2344,753500
2517,690800
2941,484500
2784,500100
4914,1492400
3911,428000
4523,457100
4358,480500
4461,1211300
3675,698600
3385,739100
2638,520500
3817,1188800
4802,1861400
3390,353000
3363,671400
2973,300800
2842,665500
4749,926700
3503,932400
2961,637200
2306,768000
4077,1117100
2403,489700
4430,798800
4981,921500
3019,534100
3961,668400
4579,891400
4915,665900
3120,329800
4826,925500
3894,399800
4752,1160300
3493,679800
4185,701600
3464,959600
2822,901600
4254,961400
2726,863800
3729,697000
3897,686500
4265,1250700
4584,1055900
4527,449300
3128,1277600
4178,411500
4389,994700
2761,820900
4383,1610400
3573,1276900
2217,821900
4663,548700
2110,778100
4373,1146700
2986,409900
3953,456100
4700,654400
2623,376900
2857,1491000
3474,600300
3828,668300
3251,511300
4918,958600
2971,511400
3052,364300
3255,331600
2174,422600
2777,636900
4979,525200
3413,1267900
3509,696200
2665,339600
4885,1074700
3830,401600
2432,274600
4572,922500
2859,599000
3703,767300
4824,479200
3044,308200
3612,505100
2807,766200
2593,735600
3221,483600
3583,453200
2527,716300
2497,662800
2069,426200
2988,826300
3339,1117300
2941,507100
2275,669600
2554,249600
2189,656500
4021,1490600
3941,739200
3820,754600
3441,584900
2279,437000
4169,511700
4314,1206200
3380,2642300
3703,1049400
4640,1236400
3420,562300
4573,879500
2223,445100
2903,953200
4145,1023200
2645,538300
4402,834600
3032,894200
3776,1585100
4537,1072700
3709,422500
3658,711700
2139,335900
3797,763100
4544,1067200
2641,576000
3843,397400
2632,336700
2062,408700
2247,465400
4791,641200
4791,1041100
3066,344400
2373,464100
2009,221600
3096,555700
3702,388200
3549,380300
3292,453400
3096,353500
2911,622600
2896,977500
2865,667100
3033,617400
2765,564800
2741,300000
2910,566100
4547,1146000
4204,1106000
4818,494600
4848,1642900
3912,631500
3352,368100
4869,1110500
3555,685700
4308,428700
4534,851300
4550,1489000
3994,725900
4774,1291200
3087,313200
3628,1082100
3226,613100
3336,390300
4333,816800
4272,809300
3821,664800
2290,688700
2094,246100
9498,1025400
7491,747700
5967,673600
5808,800900
7347,1373000
5332,804900
8797,1807400
9261,1360800
9101,1605700
9909,2283900
6042,529800
8736,826100
7227,1168200
9131,1259600
6206,1273600
9823,1883200
7288,895500
5045,476800
8860,1072400
5351,531900
7308,623000
8732,831300
7088,1334800
8694,1891400
8879,1854000
8993,956100
7577,1735700
8322,770600
5823,653300
8550,2589700
5248,860900
9344,901400
9865,852600
8266,1947000
7996,1481200
7933,1484100
6659,1292000
8505,1403500
8356,1796800
7205,1108900
5751,594500
8392,792200
7392,1389100
9048,1764400
6923,842300
5508,486800
6551,1531300
7856,763200
7298,1210900
8620,2075000
8815,1604100
6953,1281000
7034,1310100
5468,501500
6840,609400
7412,1157500
9697,987400
6226,1276300
7843,761700
9745,2460000
9708,2725900
7714,2145500
6448,1136400
9681,1597600
5194,662500
5475,618800
7689,1031400
7711,1854200
6699,1415500
6418,955000
7553,1308500
5817,805700
9287,1764700
6169,626800
8219,815600
5932,589600
6665,1398900
9762,958200
6156,539800
8584,1601900
9565,2285800
7647,1697000
9604,1895900
9830,1738500
5245,494600
5309,1149600
7758,2382300
9605,923200
9442,1612800
6256,1241800
7104,1366600
7768,1247200
7971,1674600
7852,1456400
6656,1326600
9209,1574600
8557,1150600
8324,2647900
7418,1328500
8221,1773800
8047,1039300
8884,1317100
8947,1735100
7172,706600
6683,1214100
9853,872500
7021,1039100
9880,1857800
6100,558600
9803,921500
5336,920700
9664,2053700
6038,560200
7776,839900
8757,832600
6269,1293800
8589,2090500
7400,1866200
9635,1005900
6665,740900
5141,490200
6524,805800
7845,1871000
6875,729300
6919,1811900
5885,911800
8635,2686400
8553,853000
6141,594800
8307,1041800
5263,1178400
9211,1795800
7895,721900
8723,1654800
7280,667200
8197,978800
5908,702100
5991,871500
7874,1439900
9690,1850100
6225,831400
8533,1966300
5806,571400
9251,923800
5668,1068900
5404,1533200
7541,3023100
9500,1278900
8566,1853900
7281,1700700
9103,1547200
7006,916200
9476,1771700
5070,785300
9094,2066400
6256,732400
6276,1435200
6644,1274700
6786,846800
7268,1978000
9177,2163300
5158,1325600
5823,744500
9996,2024800
8813,940300
8217,1020900
6613,1055400
5661,1450600
5913,1279800
6232,1309000
7906,1780200
8649,853500
9390,854300
9638,1187100
5528,941700
7669,715300
5193,1472200
6878,897500
9612,2597700
9340,1426600
6073,1250300
7379,821700
8361,1363700
9463,971600
8532,1712200
8158,1147400
7249,1653200
8806,1005100
8142,893200
5403,541500
8371,751200
5275,1340800
7954,1501100
6138,1127200
8585,1941900
9223,1099400
9270,1629200
7990,2395300
8945,851700
9434,3503600
8535,3038800
7029,2449200
7238,2349900
8220,904300
9683,965600
5719,1045700
9060,1887100
9579,1932900
6200,928500
7326,1238200
5907,1087900
5429,1935600
7902,2504800
5910,919500
5964,1125700
6991,1032400
9661,1254000
9055,1459600
8648,1972300
6884,1112400
9635,925200
9914,937200
5553,658200
7976,2501200
8495,1408400
5804,581900
6553,1573000
9974,978600
8616,1619100
7817,757700
9240,930300
5070,586900
9967,2588800
8080,1787800
6424,597200
9007,1458000
7890,823800
7484,665700
6768,1150100
7463,1179800
9502,2110000
5961,675900
8297,1828800
6893,2331900
5412,568100
6068,825200
5327,546400
7420,1225200
7702,1209400
6455,1007100
7214,895400
8382,1740200
9909,997400
8350,772600
7810,797900
8973,869400
6878,1257200
6652,1741500
7880,1185400
5335,1931000
6370,1217000
7806,1483800
7596,1828200
7926,832200
9373,1878000
7513,1249700
6585,865200
5281,1351300
9315,1571700
7546,1144800
8698,1233900
8799,1823600
9329,2071100
9185,2443200
9066,1951300
9468,887000
6632,630400
9276,1366600
6415,1431600
7671,1287600
6750,1039100
6144,1086200
6092,1189800
8451,2064300
6516,1516600
9742,1674800
5673,1036200
9437,1897500
8680,1874800
5735,822500
8781,800600
7839,1543300
8766,804500
9261,2517300
8450,2110700
9207,895100
5648,1329000
8233,2164100
5331,836700
5667,629900
7008,684100
6616,912300
5671,1576900
8566,889900
6708,755900
7985,1397000
8495,1918100
5784,1530800
7584,710600
9361,1243900
9821,935400
7101,1881300
7266,2183100
9604,3329100
5971,1413700
8135,1142100
8737,1210600
9735,907100
7534,1035500
7196,1858000
9455,2503300
6923,1349100
8726,1505300
6900,901500
6247,2461600
8732,811400
7903,1919900
8345,1407900
7312,1396500
6782,1782200
8646,1510600
6266,734400
5561,1099000
6288,1215800
6946,1394800
8719,794300
9356,1189600
6488,1694400
5913,2012100
5079,1349000
9097,2804400
8916,1908700
5525,1495800
6276,1212600
7861,1935500
5674,1463900
7265,657900
6518,607700
9556,1989800
8224,1306700
8983,855900
8686,2768200
5184,1180900
7581,1170300
5848,1128200
8390,865500
6704,1084800
5397,554900
6367,620300
9855,1127000
8555,2242500
5597,1087700
6337,642200
7465,2478700
6814,1285500
8540,1237300
9592,1455100
8529,2511600
5148,528000
8686,1118700
6693,1646800
9105,2164800
8908,1227400
8866,1390900
8721,2128200
8463,2557000
5338,541700
5385,850700
9200,1163000
7931,757900
5864,622000
5587,1245100
7125,670700
5613,902500
8767,1680500
7589,925200
9670,921300
6984,1536100
5807,920100
7604,1949300
5248,552300
6552,1355100
5960,1162000
8021,833000
7061,929800
6681,765700
5871,712000
5000,969600
8714,1246100
7732,1797400
6562,877000
6443,851500
8490,1562800
6650,1347400
9760,1482100
8742,1192900
6486,1539000
7002,728500
9755,1920100
9155,1862300
5373,896400
8451,2155700
5070,950800
9123,1370600
8004,1137200
8279,1300900
5788,1756900
9762,2357400
7762,2359400
5710,2111400
9906,2500100
5356,2084000
6269,2026600
9776,2558200
6245,1648600
7351,1172700
8268,1641600
6620,1818800
7275,1760800
9548,1860500
7442,786900
8996,2335000
8918,1688000
5084,1003600
9967,2426000
5146,564100
8165,777400
6488,1005800
6605,934900
9263,2144100
9725,1658000
5069,504900
8430,758100
8483,1497700
6478,1531100
6328,1140100
8322,1148500
9363,2359500
5068,1267200
7307,1049200
9492,1560800
6315,1056500
8458,2046900
8986,1752600
9314,961000
6078,623000
7285,2017100
6929,1654900
7780,1240900
5192,985600
7972,2150200
5746,1044500
6078,2277100
6175,1689600
7505,1521300
8962,2702400
5192,1460100
7398,2225600
8015,724500
5743,938800
7777,1379600
5984,578300
6634,670700
9734,955200
5912,981800
7208,926400
8104,951000
6482,1746100
7296,1760800
8758,1684000
9935,1872700
8452,939000
5294,537700
7980,1577800
8334,2262400
5515,1039900
5152,661300
9180,2029900
5343,1015100
6699,675200
9143,2030900
9734,1982400
9962,1120300
7160,779000
7515,1174400
6831,691200
8583,782400
8397,978700
7345,1011700
9067,828800
5705,1220800
9309,1644000
5719,1064100
7705,1477900
8663,859800
9722,881400
8802,1867500
7307,2076800
9205,1933500
7295,1410500
6720,1948200
6440,791400
8560,2200400
6839,1288300
8966,1125000
5778,845000
6516,1707400
8943,952600
6269,1671200
9337,879000
5550,1096900
9339,967700
6382,1018700
6923,689700
9532,2314400
8805,1534600
6387,1825000
9390,2416300
6136,1053000
6190,985700
5745,984600
7695,1280400
7139,1357100
9641,2446600
8225,807600
9620,1475000
6119,830000
7353,1075300
7149,2584600
5973,1555700
6381,639800
8287,1252300
9726,2299000
8580,963200
9915,3843300
8849,2501900
5186,1720700
6347,636400
9474,2106600
6745,920600
7895,1029700
5359,716300
7609,1538600
8468,820500
5153,556600
7112,1373000
8619,1931500
5766,1004200
5669,1343700
7110,1208500
7909,798300
6275,892400
8289,783000
8714,1728300
5022,598000
8388,1173400
9430,1104200
9555,3502000
6870,668900
6399,4120300
7033,1433800
9907,2273500
8491,1548800
8354,1684100
5871,590800
6165,867900
9422,1531600
6731,1889000
8861,1615200
5610,978600
8935,936500
9132,1472500
7037,961200
7960,1366400
9674,1475800
9546,2195100
9064,817800
6765,1076900
6462,915000
5195,1383200
7902,1883200
7325,1379900
7276,834400
6374,1768900
5116,566100
9163,1166100
9355,1989200
8557,785800
6642,657000
6949,1725600
8908,942400
8236,2235700
6700,735400
5075,1002600
9825,2586500
7192,1435100
5817,561500
5264,653700
8065,1932800
6351,1938800
7090,721800
7464,726200
7285,2785600
8241,1337100
9976,1916700
8625,781200
9577,2856800
7140,687100
5852,1953500
5872,773500
6238,1356000
5451,1410000
7741,2031400
6360,980100
6744,1622300
8886,1756600
5588,1086800
5750,974900
7675,1177600
8000,2015400
6023,598400
8647,1721300
6837,939300
5681,530300
6167,594400
5972,1364800
6623,1250500
5514,1167100
7760,1340700
9884,976500
5747,984300
8616,1671700
7915,908100
5501,1681100
8392,833400
6458,1481400
8018,815200
8112,2359000
5504,801600
7558,847900
9008,2604100
5761,1089000
9823,1364300
6053,662400
7241,1591700
7170,753500
5314,1314600
6542,1960100
8367,2627100
5874,1875700
8842,1417400
9121,1468500
6301,1927300
7293,1034700
9616,1538500
7160,1333700
7263,1908700
7846,2217500
9603,1982000
9088,2429400
6607,1173100
8647,836000
7742,1546000
5611,882400
7145,1348000
9706,1574400
8919,2487000
5537,1739200
8306,2390900
6953,1612800
6020,590900
6395,1262500
6569,1688700
9885,2749000
5117,800800
5289,808200
6075,908800
8202,848800
8722,2570900
9228,1921400
9830,1006000
6473,1882800
8461,2332400
5358,1337600
6996,2135100
7816,1162700
5907,581800
5468,587300
5919,925400
8205,1553400
7136,844800
8279,1643300
7822,1720100
5594,1901300
5722,664200
9742,2983200
6913,838600
8897,915300
8721,856000
6817,2158200
9015,2097200
6375,614100
7248,748000
6722,1254500
8873,951400
7512,806300
6261,1063300
9826,1210900
7137,1045000
7251,1186300
8994,1402300
7356,1138900
9141,996100
9647,1862200
5742,1387800
7381,744600
6432,1209400
6183,1500800
9139,1669400
9397,1001500
7604,1216000
6701,1894100
5901,1137800
6842,665300
9823,949900
8589,1528500
8638,1374600
9793,1118100
9779,944700
9553,2087500
9124,1843700
8428,1130800
9206,1813000
7661,1678600
6055,1514600
5284,1248100
7756,2244300
8016,979600
5506,1291400
9335,916500
6733,787200
7589,742800
9209,1883100
8923,2046300
8477,1165000
6399,788400
8541,1585100
7706,1575900
9139,2281200
7064,2672200
6582,1165900
9539,1203700
8680,1105400
8639,862000
5326,1764400
9983,1027800
5095,1325400
6837,1024400
8597,1607100
9137,2143800
8557,1749600
5155,1563600
6322,606800
6017,687100
5859,1784100
7727,756100
5493,1612300
7228,1312900
7051,2190900
9848,932600
8916,2399900
5458,525900
5698,1425300
7626,799800
8206,1906900
7296,1322300
8556,1304200
7460,1482800
5625,658400
7853,1569500
8688,884000
8810,2402200
7252,1410100
8223,2129400
6532,1252900
5640,1320500
9785,1110800
5843,1273500
5217,1035600
7788,881700
9596,1077900
7091,1142900
6421,2075300
8891,1144900
8835,1044600
7752,857300
6361,869600
6895,1341600
6729,640200
8779,892100
5168,539000
5436,1015200
7267,2003800
7796,1861300
6231,2248200
6447,2167900
5865,2004300
5667,2097500
7433,1047900
5385,1047500
7151,1484900
7964,2488300
9617,1231200
6425,1351100
6528,1320700
5266,650100
5867,835900
5046,1554500
9810,1195700
8248,1077900
6218,914900
8790,1886900
7502,1232500
9004,869800
7291,719100
7157,1881000
7217,1525300
8656,1917700
6465,1398700
9523,2189900
6866,1306800
6117,1315200
7354,972700
6655,656300
5339,1447900
7567,738200
8545,1104500
7250,1718800
6983,1196600
7919,2051700
6425,1384300
5588,1088200
8142,1015200
9924,1881800
8173,1880700
7132,1107500
6123,1424100
9603,1871800
5492,1193200
6314,1213300
6531,1483500
8346,1853200
9878,2022300
9009,1357800
5381,1239700
9653,971700
8721,1902700
7245,1837200
8199,3588400
8814,1735800
6175,1133400
8554,1149800
9897,971100
8986,2351100
6581,1175000
7505,1783000
8084,877600
9338,1888500
6126,723000
7999,775300
7323,1569500
9084,875700
7850,1511000
6777,2010000
6734,663900
6742,625100
6293,1166000
9406,1223900
9947,2335800
9482,950000
9572,1985600
8685,1532100
8016,1449800
9458,1877400
8422,1289900
6714,1319300
8039,812200
7154,1360700
5686,1405200
5280,1107000
6151,1104300
9263,904700
7755,2060700
6936,3031600
8841,1267500
5582,854200
5380,1220500
7639,1519400
6775,1300200
9291,1804500
9737,953500
9325,1017900
9998,1175800
7680,2071800
7080,1628900
7119,750400
6335,1060300
7562,2816000
6807,704200
7802,1980500
5083,535000
6136,1171300
8829,1586200
5828,1629300
9914,973300
6126,700200
6995,1850000
7227,1919100
9999,1542500
9173,1154400
5645,979000
5567,1113400
8379,1787200
9799,2395500
8517,840000
6112,562600
6552,645600
7166,1994500
5943,1510100
6214,605400
9981,3553200
6899,1135000
9861,2650900
8476,1833000
7608,726900
6932,2275200
8021,1283400
9703,1706000
6809,1468400
8062,1227100
6706,1537000
6294,2310600
7051,1418600
7741,1590500
5149,1909900
5290,1571700
8289,2621300
8127,799000
8957,1372600
6743,658500
7519,1737600
9804,1298300
8440,2591100
7314,1403000
5450,724000
8674,1634500
9282,1257600
9820,1338800
7135,1029400
8430,2282600
8053,1179100
6588,1171600
8142,1435500
6942,1065000
9110,2134200
9732,980900
6394,702500
8916,983100
8596,979600
8878,1750600
5435,1178500
9058,2009000
5985,1918800
7654,1544800
6090,1036200
5503,1050700
5550,1100600
5371,1027300
6008,1327400
7154,1806300
6991,1882600
6510,726000
8685,832000
9449,940700
7072,1556200
9857,979000
7478,1409600
6414,1796500
6824,1219100
9012,1233300
